362.3450  551.0000
362.3464  542.0000
362.3478  543.0000
362.3493  549.0000
362.3507  557.0000
362.3521  567.0000
362.3535  580.0000
362.3539  594.0000
362.3553  609.0000
362.3567  626.0000
362.3581  629.0000
362.3595  624.0000
362.3608  605.0000
362.3622  574.0000
362.3645  542.0000
362.3659  508.0000
362.3673  483.0000
362.3687  462.0000
362.3701  445.0000
362.3716  435.0000
362.3730  429.0000
362.3733  428.0000
362.3747  433.0000
362.3762  440.0000
362.3776  443.0000
362.3790  437.0000
362.3804  422.0000
362.3818  395.0000
362.3839  344.0000
362.3854  282.0000
362.3868  229.0000
362.3882  196.0000
362.3896  174.0000
362.3910  186.0000
362.3924  219.0000
362.3946  277.0000
362.3960  348.0000
362.3974  430.0000
362.3988  510.0000
362.4002  582.0000
362.4016  641.0000
362.4031  685.0000
362.4034  714.0000
362.4048  727.0000
362.4062  738.0000
362.4077  736.0000
362.4091  734.0000
362.4105  731.0000
362.4119  723.0000
362.4140  739.0000
362.4154  757.0000
362.4169  776.0000
362.4183  797.0000
362.4197  807.0000
362.4211  824.0000
362.4225  836.0000
362.4229  835.0000
362.4243  815.0000
362.4257  776.0000
362.4271  717.0000
362.4285  663.0000
362.4298  610.0000
362.4312  564.0000
362.4335  533.0000
362.4349  499.0000
362.4363  480.0000
362.4377  464.0000
362.4391  445.0000
362.4406  433.0000
362.4420  412.0000
362.4441  403.0000
362.4455  403.0000
362.4469  405.0000
362.4483  407.0000
362.4498  391.0000
362.4512  353.0000
362.4526  335.0000
362.4529  361.0000
362.4544  435.0000
362.4558  543.0000
362.4572  627.0000
362.4586  687.0000
362.4598  722.0000
362.4613  718.0000
362.4636  676.0000
362.4650  622.0000
362.4664  574.0000
362.4678  538.0000
362.4692  508.0000
362.4706  488.0000
362.4721  473.0000
362.4724  460.0000
362.4738  457.0000
362.4752  460.0000
362.4767  470.0000
362.4781  489.0000
362.4795  500.0000
362.4809  511.0000
362.4830  504.0000
362.4844  488.0000
362.4859  470.0000
362.4873  442.0000
362.4887  420.0000
362.4901  394.0000
362.4915  365.0000
362.4936  344.0000
362.4950  329.0000
362.4965  320.0000
362.4979  333.0000
362.4993  359.0000
362.5007  418.0000
362.5021  496.0000
362.5025  572.0000
362.5039  666.0000
362.5053  728.0000
362.5067  754.0000
362.5081  752.0000
362.5096  724.0000
362.5110  734.0000
362.5131  700.0000
362.5145  676.0000
362.5159  662.0000
362.5173  659.0000
362.5188  656.0000
362.5202  668.0000
362.5216  675.0000
362.5219  684.0000
362.5234  693.0000
362.5248  685.0000
362.5262  678.0000
362.5276  663.0000
362.5288  653.0000
362.5303  653.0000
362.5325  647.0000
362.5340  647.0000
362.5354  645.0000
362.5368  643.0000
362.5382  633.0000
362.5396  623.0000
362.5410  609.0000
362.5432  583.0000
362.5446  554.0000
362.5460  514.0000
362.5474  456.0000
362.5488  389.0000
362.5502  321.0000
362.5517  240.0000
362.5520  196.0000
362.5534  167.0000
362.5548  170.0000
362.5562  209.0000
362.5577  242.0000
362.5589  311.0000
362.5603  370.0000
362.5626  434.0000
362.5640  506.0000
362.5654  536.0000
362.5669  561.0000
362.5683  565.0000
362.5697  530.0000
362.5711  539.0000
362.5715  507.0000
362.5729  487.0000
362.5743  509.0000
362.5757  480.0000
362.5771  507.0000
362.5785  535.0000
362.5799  548.0000
362.5821  597.0000
362.5835  610.0000
362.5849  620.0000
362.5863  630.0000
362.5877  614.0000
362.5891  575.0000
362.5906  583.0000
362.5927  531.0000
362.5941  533.0000
362.5955  571.0000
362.5969  537.0000
362.5983  583.0000
362.5998  534.0000
362.6010  503.0000
362.6015  514.0000
362.6029  462.0000
362.6044  469.0000
362.6058  462.0000
362.6072  449.0000
362.6086  466.0000
362.6100  457.0000
362.6121  441.0000
362.6135  464.0000
362.6150  457.0000
362.6164  458.0000
362.6178  505.0000
362.6192  473.0000
362.6206  515.0000
362.6210  531.0000
362.6224  516.0000
362.6238  572.0000
362.6252  550.0000
362.6266  578.0000
362.6279  597.0000
362.6293  581.0000
362.6316  594.0000
362.6330  598.0000
362.6344  600.0000
362.6358  612.0000
362.6372  611.0000
362.6387  601.0000
362.6401  611.0000
362.6422  588.0000
362.6436  593.0000
362.6450  604.0000
362.6464  592.0000
362.6479  605.0000
362.6493  613.0000
362.6507  627.0000
362.6510  650.0000
362.6524  623.0000
362.6539  581.0000
362.6553  507.0000
362.6567  429.0000
362.6579  395.0000
362.6593  371.0000
362.6616  377.0000
362.6631  417.0000
362.6645  434.0000
362.6659  461.0000
362.6673  496.0000
362.6687  496.0000
362.6701  524.0000
362.6705  525.0000
362.6719  521.0000
362.6733  531.0000
362.6747  492.0000
362.6761  480.0000
362.6776  465.0000
362.6790  417.0000
362.6811  413.0000
362.6825  389.0000
362.6839  384.0000
362.6853  393.0000
362.6868  384.0000
362.6882  380.0000
362.6896  384.0000
362.6917  373.0000
362.6931  376.0000
362.6945  384.0000
362.6959  369.0000
362.6974  362.0000
362.6988  334.0000
362.7000  298.0000
362.7005  282.0000
362.7020  270.0000
362.7034  273.0000
362.7048  284.0000
362.7062  282.0000
362.7076  285.0000
362.7090  287.0000
362.7111  275.0000
362.7126  266.0000
362.7140  237.0000
362.7154  219.0000
362.7168  196.0000
362.7182  174.0000
362.7196  174.0000
362.7200  171.0000
362.7214  188.0000
362.7228  226.0000
362.7242  278.0000
362.7256  335.0000
362.7269  390.0000
362.7283  440.0000
362.7306  489.0000
362.7320  529.0000
362.7334  566.0000
362.7348  592.0000
362.7363  613.0000
362.7377  615.0000
362.7391  607.0000
362.7412  589.0000
362.7426  564.0000
362.7440  536.0000
362.7454  518.0000
362.7469  492.0000
362.7483  465.0000
362.7497  454.0000
362.7500  448.0000
362.7515  472.0000
362.7529  524.0000
362.7543  585.0000
362.7557  669.0000
362.7569  746.0000
362.7583  826.0000
362.7606  883.0000
362.7621  888.0000
362.7635  864.0000
362.7649  798.0000
362.7663  711.0000
362.7677  605.0000
362.7691  486.0000
362.7695  373.0000
362.7709  295.0000
362.7723  241.0000
362.7737  206.0000
362.7751  199.0000
362.7766  201.0000
362.7780  224.0000
362.7801  261.0000
362.7815  298.0000
362.7829  347.0000
362.7843  388.0000
362.7857  428.0000
362.7872  467.0000
362.7886  496.0000
362.7907  537.0000
362.7921  573.0000
362.7935  603.0000
362.7949  623.0000
362.7964  628.0000
362.7978  610.0000
362.7990  592.0000
362.7995  562.0000
362.8009  533.0000
362.8024  517.0000
362.8038  483.0000
362.8052  470.0000
362.8066  443.0000
362.8080  414.0000
362.8101  398.0000
362.8116  365.0000
362.8130  353.0000
362.8144  346.0000
362.8158  347.0000
362.8172  372.0000
362.8186  392.0000
362.8190  405.0000
362.8204  410.0000
362.8218  409.0000
362.8232  401.0000
362.8246  420.0000
362.8259  431.0000
362.8273  455.0000
362.8296  487.0000
362.8310  509.0000
362.8324  563.0000
362.8338  597.0000
362.8352  644.0000
362.8366  695.0000
362.8381  714.0000
362.8402  749.0000
362.8416  766.0000
362.8430  762.0000
362.8444  736.0000
362.8458  671.0000
362.8472  580.0000
362.8487  496.0000
362.8490  401.0000
362.8504  301.0000
362.8518  220.0000
362.8533  129.0000
362.8547  100.0000
362.8561  119.0000
362.8575  157.0000
362.8596  239.0000
362.8610  288.0000
362.8624  339.0000
362.8639  367.0000
362.8653  381.0000
362.8667  413.0000
362.8681  441.0000
362.8685  471.0000
362.8699  509.0000
362.8713  529.0000
362.8727  524.0000
362.8741  523.0000
362.8755  494.0000
362.8769  467.0000
362.8791  455.0000
362.8805  408.0000
362.8819  398.0000
362.8833  358.0000
362.8847  314.0000
362.8861  302.0000
362.8875  260.0000
362.8897  258.0000
362.8911  252.0000
362.8925  239.0000
362.8939  252.0000
362.8953  280.0000
362.8967  316.0000
362.8980  371.0000
362.8985  417.0000
362.8999  455.0000
362.9013  507.0000
362.9027  532.0000
362.9042  575.0000
362.9056  606.0000
362.9070  610.0000
362.9091  628.0000
362.9105  610.0000
362.9119  607.0000
362.9133  609.0000
362.9148  600.0000
362.9162  616.0000
362.9176  628.0000
362.9179  642.0000
362.9193  678.0000
362.9208  715.0000
362.9222  727.0000
362.9236  752.0000
362.9248  730.0000
362.9262  698.0000
362.9285  657.0000
362.9299  588.0000
362.9314  542.0000
362.9328  476.0000
362.9342  423.0000
362.9356  408.0000
362.9370  398.0000
362.9391  427.0000
362.9405  449.0000
362.9420  474.0000
362.9434  496.0000
362.9448  499.0000
362.9462  481.0000
362.9476  475.0000
362.9480  463.0000
362.9494  469.0000
362.9508  506.0000
362.9522  519.0000
362.9536  561.0000
362.9550  584.0000
362.9565  588.0000
362.9586  615.0000
362.9600  596.0000
362.9614  584.0000
362.9628  567.0000
362.9642  530.0000
362.9656  511.0000
362.9670  492.0000
362.9674  466.0000
362.9688  463.0000
362.9702  460.0000
362.9716  442.0000
362.9731  467.0000
362.9745  449.0000
362.9759  450.0000
362.9780  456.0000
362.9794  425.0000
362.9808  456.0000
362.9822  451.0000
362.9837  458.0000
362.9851  496.0000
362.9865  501.0000
362.9886  535.0000
362.9900  559.0000
362.9914  572.0000
362.9928  614.0000
362.9943  649.0000
362.9957  670.0000
362.9969  732.0000
362.9974  769.0000
362.9988  774.0000
363.0003  819.0000
363.0017  768.0000
363.0031  701.0000
363.0045  621.0000
363.0059  472.0000
363.0080  407.0000
363.0094  315.0000
363.0109  252.0000
363.0123  251.0000
363.0137  227.0000
363.0151  259.0000
363.0165  282.0000
363.0169  287.0000
363.0183  313.0000
363.0197  334.0000
363.0211  292.0000
363.0225  331.0000
363.0238  306.0000
363.0252  278.0000
363.0275  317.0000
363.0289  256.0000
363.0303  297.0000
363.0317  300.0000
363.0331  267.0000
363.0345  350.0000
363.0359  364.0000
363.0381  411.0000
363.0395  439.0000
363.0409  394.0000
363.0423  380.0000
363.0437  360.0000
363.0451  323.0000
363.0465  356.0000
363.0469  393.0000
363.0483  401.0000
363.0497  498.0000
363.0511  523.0000
363.0525  554.0000
363.0540  589.0000
363.0554  528.0000
363.0575  550.0000
363.0589  509.0000
363.0603  454.0000
363.0617  450.0000
363.0631  383.0000
363.0646  355.0000
363.0660  317.0000
363.0663  274.0000
363.0677  290.0000
363.0691  347.0000
363.0706  419.0000
363.0720  518.0000
363.0734  584.0000
363.0748  581.0000
363.0769  597.0000
363.0783  539.0000
363.0797  508.0000
363.0812  476.0000
363.0826  411.0000
363.0840  434.0000
363.0854  418.0000
363.0875  419.0000
363.0889  449.0000
363.0903  440.0000
363.0918  485.0000
363.0932  496.0000
363.0946  497.0000
363.0958  518.0000
363.0963  523.0000
363.0978  520.0000
363.0992  548.0000
363.1006  555.0000
363.1020  555.0000
363.1034  587.0000
363.1048  570.0000
363.1069  584.0000
363.1084  574.0000
363.1098  539.0000
363.1112  549.0000
363.1126  519.0000
363.1140  507.0000
363.1154  499.0000
363.1158  462.0000
363.1172  463.0000
363.1186  472.0000
363.1200  502.0000
363.1214  558.0000
363.1227  613.0000
363.1241  651.0000
363.1264  694.0000
363.1278  727.0000
363.1292  760.0000
363.1306  815.0000
363.1320  837.0000
363.1334  848.0000
363.1348  835.0000
363.1370  785.0000
363.1384  744.0000
363.1398  682.0000
363.1412  624.0000
363.1426  582.0000
363.1440  539.0000
363.1454  529.0000
363.1458  526.0000
363.1472  529.0000
363.1486  538.0000
363.1500  539.0000
363.1514  531.0000
363.1529  523.0000
363.1543  501.0000
363.1564  476.0000
363.1578  455.0000
363.1592  424.0000
363.1606  413.0000
363.1620  409.0000
363.1635  407.0000
363.1649  435.0000
363.1652  456.0000
363.1666  497.0000
363.1680  539.0000
363.1695  566.0000
363.1709  594.0000
363.1723  598.0000
363.1737  590.0000
363.1758  576.0000
363.1772  555.0000
363.1786  540.0000
363.1801  546.0000
363.1815  566.0000
363.1829  605.0000
363.1843  661.0000
363.1864  712.0000
363.1878  770.0000
363.1892  809.0000
363.1906  832.0000
363.1921  850.0000
363.1935  845.0000
363.1947  828.0000
363.1952  806.0000
363.1966  773.0000
363.1981  736.0000
363.1995  688.0000
363.2009  629.0000
363.2023  564.0000
363.2037  503.0000
363.2058  445.0000
363.2072  396.0000
363.2087  356.0000
363.2101  328.0000
363.2115  319.0000
363.2129  320.0000
363.2143  358.0000
363.2147  427.0000
363.2161  519.0000
363.2175  625.0000
363.2189  720.0000
363.2203  805.0000
363.2215  872.0000
363.2230  906.0000
363.2252  905.0000
363.2267  865.0000
363.2281  796.0000
363.2295  718.0000
363.2309  648.0000
363.2323  587.0000
363.2337  552.0000
363.2358  531.0000
363.2373  523.0000
363.2387  519.0000
363.2401  512.0000
363.2415  507.0000
363.2429  501.0000
363.2443  493.0000
363.2447  486.0000
363.2461  481.0000
363.2475  484.0000
363.2489  489.0000
363.2503  501.0000
363.2517  513.0000
363.2531  529.0000
363.2553  547.0000
363.2567  564.0000
363.2581  583.0000
363.2595  593.0000
363.2609  602.0000
363.2623  603.0000
363.2636  592.0000
363.2641  582.0000
363.2655  578.0000
363.2669  591.0000
363.2683  605.0000
363.2697  606.0000
363.2711  602.0000
363.2726  588.0000
363.2747  566.0000
363.2761  554.0000
363.2775  551.0000
363.2789  557.0000
363.2803  583.0000
363.2817  611.0000
363.2832  638.0000
363.2853  661.0000
363.2867  672.0000
363.2881  708.0000
363.2895  736.0000
363.2909  747.0000
363.2923  720.0000
363.2936  651.0000
363.2941  572.0000
363.2955  488.0000
363.2969  415.0000
363.2983  365.0000
363.2997  333.0000
363.3012  311.0000
363.3026  306.0000
363.3047  310.0000
363.3061  316.0000
363.3075  327.0000
363.3089  329.0000
363.3103  340.0000
363.3117  353.0000
363.3132  363.0000
363.3135  378.0000
363.3149  380.0000
363.3163  372.0000
363.3177  349.0000
363.3192  324.0000
363.3204  312.0000
363.3218  299.0000
363.3241  305.0000
363.3255  316.0000
363.3269  326.0000
363.3283  341.0000
363.3297  372.0000
363.3312  411.0000
363.3326  462.0000
363.3347  512.0000
363.3361  566.0000
363.3375  617.0000
363.3389  656.0000
363.3403  684.0000
363.3418  697.0000
363.3432  699.0000
363.3435  693.0000
363.3449  680.0000
363.3463  658.0000
363.3478  637.0000
363.3492  615.0000
363.3506  596.0000
363.3520  596.0000
363.3541  598.0000
363.3555  613.0000
363.3569  627.0000
363.3583  637.0000
363.3598  643.0000
363.3612  647.0000
363.3624  658.0000
363.3629  679.0000
363.3643  709.0000
363.3658  752.0000
363.3672  806.0000
363.3686  855.0000
363.3700  901.0000
363.3714  940.0000
363.3735  937.0000
363.3749  918.0000
363.3763  850.0000
363.3778  752.0000
363.3792  652.0000
363.3806  527.0000
363.3820  437.0000
363.3841  378.0000
363.3855  351.0000
363.3869  350.0000
363.3883  368.0000
363.3898  394.0000
363.3912  426.0000
363.3924  455.0000
363.3929  478.0000
363.3943  501.0000
363.3958  511.0000
363.3972  515.0000
363.3986  514.0000
363.4000  498.0000
363.4014  489.0000
363.4035  482.0000
363.4049  468.0000
363.4063  468.0000
363.4078  467.0000
363.4092  461.0000
363.4106  462.0000
363.4120  443.0000
363.4123  436.0000
363.4138  427.0000
363.4152  417.0000
363.4166  412.0000
363.4180  439.0000
363.4192  450.0000
363.4206  489.0000
363.4229  497.0000
363.4243  497.0000
363.4258  513.0000
363.4272  469.0000
363.4286  473.0000
363.4300  448.0000
363.4314  424.0000
363.4335  433.0000
363.4349  417.0000
363.4363  420.0000
363.4377  457.0000
363.4392  458.0000
363.4406  461.0000
363.4420  507.0000
363.4423  474.0000
363.4438  511.0000
363.4452  509.0000
363.4466  489.0000
363.4480  543.0000
363.4494  477.0000
363.4508  485.0000
363.4529  486.0000
363.4543  426.0000
363.4557  452.0000
363.4572  417.0000
363.4586  412.0000
363.4600  425.0000
363.4612  407.0000
363.4617  408.0000
363.4632  463.0000
363.4646  452.0000
363.4660  491.0000
363.4674  546.0000
363.4688  527.0000
363.4702  585.0000
363.4723  569.0000
363.4737  572.0000
363.4752  621.0000
363.4766  583.0000
363.4780  616.0000
363.4794  618.0000
363.4808  599.0000
363.4829  613.0000
363.4843  599.0000
363.4857  583.0000
363.4872  589.0000
363.4886  569.0000
363.4900  539.0000
363.4912  544.0000
363.4917  490.0000
363.4932  483.0000
363.4946  464.0000
363.4960  432.0000
363.4974  452.0000
363.4988  411.0000
363.5002  418.0000
363.5023  430.0000
363.5037  414.0000
363.5051  450.0000
363.5066  456.0000
363.5080  479.0000
363.5094  511.0000
363.5108  529.0000
363.5111  544.0000
363.5126  576.0000
363.5140  575.0000
363.5154  588.0000
363.5168  605.0000
363.5182  591.0000
363.5196  598.0000
363.5217  578.0000
363.5231  564.0000
363.5246  564.0000
363.5260  530.0000
363.5274  528.0000
363.5288  512.0000
363.5302  494.0000
363.5323  504.0000
363.5337  484.0000
363.5351  489.0000
363.5365  477.0000
363.5380  465.0000
363.5394  471.0000
363.5408  467.0000
363.5411  462.0000
363.5425  461.0000
363.5440  454.0000
363.5454  453.0000
363.5468  446.0000
363.5482  444.0000
363.5496  443.0000
363.5517  439.0000
363.5531  432.0000
363.5545  439.0000
363.5560  435.0000
363.5574  436.0000
363.5588  446.0000
363.5600  441.0000
363.5605  437.0000
363.5619  434.0000
363.5634  413.0000
363.5648  392.0000
363.5662  380.0000
363.5676  363.0000
363.5690  356.0000
363.5711  359.0000
363.5725  367.0000
363.5739  386.0000
363.5754  404.0000
363.5768  427.0000
363.5782  447.0000
363.5796  461.0000
363.5817  467.0000
363.5831  470.0000
363.5845  474.0000
363.5859  486.0000
363.5873  506.0000
363.5888  524.0000
363.5900  530.0000
363.5905  515.0000
363.5919  482.0000
363.5933  436.0000
363.5948  392.0000
363.5962  342.0000
363.5976  291.0000
363.5990  255.0000
363.6011  236.0000
363.6025  244.0000
363.6039  278.0000
363.6053  330.0000
363.6067  392.0000
363.6082  454.0000
363.6096  519.0000
363.6099  566.0000
363.6113  588.0000
363.6127  601.0000
363.6142  594.0000
363.6156  574.0000
363.6170  545.0000
363.6184  506.0000
363.6205  459.0000
363.6219  419.0000
363.6233  385.0000
363.6247  370.0000
363.6261  382.0000
363.6276  404.0000
363.6290  468.0000
363.6311  534.0000
363.6325  606.0000
363.6339  677.0000
363.6353  726.0000
363.6367  774.0000
363.6381  792.0000
363.6395  785.0000
363.6399  769.0000
363.6413  725.0000
363.6427  658.0000
363.6441  580.0000
363.6455  480.0000
363.6470  367.0000
363.6484  271.0000
363.6505  179.0000
363.6519  124.0000
363.6533   94.0000
363.6547   73.0000
363.6561  100.0000
363.6575  126.0000
363.6588  174.0000
363.6593  231.0000
363.6607  266.0000
363.6621  320.0000
363.6635  349.0000
363.6649  370.0000
363.6664  392.0000
363.6678  398.0000
363.6699  398.0000
363.6713  401.0000
363.6727  392.0000
363.6741  380.0000
363.6755  387.0000
363.6769  386.0000
363.6783  413.0000
363.6805  435.0000
363.6819  461.0000
363.6833  510.0000
363.6847  537.0000
363.6861  576.0000
363.6875  584.0000
363.6887  574.0000
363.6893  573.0000
363.6907  546.0000
363.6921  521.0000
363.6935  493.0000
363.6949  457.0000
363.6963  425.0000
363.6977  410.0000
363.6999  392.0000
363.7013  391.0000
363.7027  397.0000
363.7041  385.0000
363.7055  419.0000
363.7069  432.0000
363.7083  449.0000
363.7087  473.0000
363.7101  463.0000
363.7115  461.0000
363.7129  435.0000
363.7143  408.0000
363.7157  407.0000
363.7171  396.0000
363.7193  386.0000
363.7207  373.0000
363.7221  354.0000
363.7235  343.0000
363.7249  351.0000
363.7263  348.0000
363.7277  383.0000
363.7298  427.0000
363.7312  463.0000
363.7327  524.0000
363.7341  558.0000
363.7355  592.0000
363.7369  617.0000
363.7383  613.0000
363.7386  633.0000
363.7401  635.0000
363.7415  620.0000
363.7429  617.0000
363.7443  591.0000
363.7457  557.0000
363.7471  528.0000
363.7492  483.0000
363.7506  456.0000
363.7520  446.0000
363.7535  415.0000
363.7549  444.0000
363.7563  443.0000
363.7575  439.0000
363.7580  462.0000
363.7595  435.0000
363.7609  428.0000
363.7623  411.0000
363.7637  379.0000
363.7651  391.0000
363.7665  414.0000
363.7686  446.0000
363.7700  470.0000
363.7714  468.0000
363.7728  465.0000
363.7743  505.0000
363.7757  521.0000
363.7771  596.0000
363.7792  647.0000
363.7806  674.0000
363.7820  722.0000
363.7834  723.0000
363.7848  708.0000
363.7862  679.0000
363.7875  623.0000
363.7880  576.0000
363.7894  513.0000
363.7908  468.0000