362.1330  504.0000
362.1346  495.0000
362.1342  485.0000
362.1356  461.0000
362.1372  455.0000
362.1386  440.0000
362.1402  435.0000
362.1416  428.0000
362.1432  412.0000
362.1450  406.0000
362.1464  397.0000
362.1480  387.0000
362.1494  379.0000
362.1510  376.0000
362.1524  370.0000
362.1540  371.0000
362.1539  361.0000
362.1553  360.0000
362.1569  358.0000
362.1583  358.0000
362.1599  350.0000
362.1613  356.0000
362.1629  351.0000
362.1643  351.0000
362.1659  358.0000
362.1675  355.0000
362.1689  363.0000
362.1705  367.0000
362.1719  361.0000
362.1735  367.0000
362.1749  368.0000
362.1765  355.0000
362.1779  366.0000
362.1795  344.0000
362.1810  359.0000
362.1825  356.0000
362.1841  344.0000
362.1838  363.0000
362.1854  337.0000
362.1868  346.0000
362.1884  330.0000
362.1900  323.0000
362.1914  331.0000
362.1930  326.0000
362.1944  322.0000
362.1960  325.0000
362.1974  318.0000
362.1990  323.0000
362.2004  329.0000
362.2020  310.0000
362.2034  328.0000
362.2033  312.0000
362.2049  318.0000
362.2063  327.0000
362.2079  310.0000
362.2093  330.0000
362.2109  311.0000
362.2123  321.0000
362.2139  326.0000
362.2155  314.0000
362.2169  318.0000
362.2185  319.0000
362.2199  312.0000
362.2215  325.0000
362.2229  325.0000
362.2245  320.0000
362.2259  333.0000
362.2275  315.0000
362.2289  333.0000
362.2305  333.0000
362.2321  329.0000
362.2335  345.0000
362.2333  327.0000
362.2348  345.0000
362.2364  346.0000
362.2380  352.0000
362.2394  376.0000
362.2410  396.0000
362.2424  423.0000
362.2440  458.0000
362.2454  475.0000
362.2470  518.0000
362.2484  567.0000
362.2500  599.0000
362.2514  658.0000
362.2530  680.0000
362.2528  706.0000
362.2542  707.0000
362.2558  678.0000
362.2572  673.0000
362.2588  644.0000
362.2603  635.0000
362.2618  627.0000
362.2636  621.0000
362.2650  622.0000
362.2666  626.0000
362.2680  617.0000
362.2696  634.0000
362.2712  628.0000
362.2726  623.0000
362.2742  635.0000
362.2757  609.0000
362.2772  631.0000
362.2787  626.0000
362.2803  621.0000
362.2817  636.0000
362.2833  618.0000
362.2831  633.0000
362.2845  627.0000
362.2861  626.0000
362.2875  631.0000
362.2891  632.0000
362.2905  624.0000
362.2921  636.0000
362.2935  620.0000
362.2951  626.0000
362.2967  628.0000
362.2981  609.0000
362.2997  632.0000
362.3011  614.0000
362.3027  633.0000
362.3026  627.0000
362.3040  616.0000
362.3056  638.0000
362.3070  630.0000
362.3086  638.0000
362.3100  643.0000
362.3116  636.0000
362.3130  636.0000
362.3146  641.0000
362.3160  616.0000
362.3176  637.0000
362.3192  624.0000
362.3206  622.0000
362.3222  634.0000
362.3236  607.0000
362.3252  631.0000
362.3266  618.0000
362.3282  619.0000
362.3296  635.0000
362.3312  616.0000
362.3326  628.0000
362.3325  626.0000
362.3341  614.0000
362.3355  616.0000
362.3371  608.0000
362.3385  593.0000
362.3401  608.0000
362.3415  581.0000
362.3431  593.0000
362.3447  592.0000
362.3461  569.0000
362.3477  591.0000
362.3491  561.0000
362.3507  580.0000
362.3521  580.0000
362.4316  533.0000
362.4331  525.0000
362.4347  538.0000
362.4362  538.0000
362.4377  530.0000
362.4392  541.0000
362.4408  538.0000
362.4422  530.0000
362.4438  542.0000
362.4452  533.0000
362.4468  536.0000
362.4482  542.0000
362.4498  521.0000
362.4514  545.0000
362.4510  536.0000
362.4526  534.0000
362.4540  531.0000
362.4556  506.0000
362.4572  514.0000
362.4586  496.0000
362.4602  492.0000
362.4616  488.0000
362.4632  472.0000
362.4646  471.0000
362.4662  461.0000
362.4676  447.0000
362.4692  440.0000
362.4706  431.0000
362.4722  406.0000
362.4738  405.0000
362.4752  374.0000
362.4768  369.0000
362.4783  354.0000
362.4798  319.0000
362.4813  321.0000
362.4811  276.0000
362.4827  249.0000
362.4841  224.0000
362.4857  176.0000
362.4871  166.0000
362.4887  134.0000
362.4901  126.0000
362.4917  119.0000
362.4931  105.0000
362.4947  113.0000
362.4961  120.0000
362.4977  126.0000
362.4993  151.0000
362.5007  170.0000
362.5005  184.0000
362.5020  209.0000
362.5036  206.0000
362.5051  230.0000
362.5066  240.0000
362.5082  245.0000
362.5096  267.0000
362.5112  259.0000
362.5126  287.0000
362.5142  291.0000
362.5156  294.0000
362.5172  318.0000
362.5186  323.0000
362.5202  341.0000
362.5219  357.0000
362.5234  365.0000
362.5250  389.0000
362.5264  406.0000
362.5280  414.0000
362.5294  440.0000
362.5310  441.0000
362.5308  455.0000
362.5322  471.0000
362.5338  467.0000
362.5352  493.0000
362.5368  496.0000
362.5384  512.0000
362.5398  527.0000
362.5414  518.0000
362.5428  540.0000
362.5444  531.0000
362.5458  534.0000
362.5474  546.0000
362.5488  534.0000
362.5504  547.0000
362.5502  548.0000
362.5517  546.0000
362.5533  559.0000
362.5547  563.0000
362.5563  568.0000
362.5577  583.0000
362.5593  573.0000
362.5607  598.0000
362.5623  603.0000
362.5639  607.0000
362.5653  633.0000
362.5669  625.0000
362.5683  651.0000
362.5699  661.0000
362.5713  670.0000
362.5729  703.0000
362.5743  700.0000
362.5759  720.0000
362.5773  730.0000
362.5789  732.0000
362.5805  746.0000
362.5801  759.0000
362.5817  760.0000
362.5831  777.0000
362.5847  774.0000
362.5863  780.0000
362.5877  780.0000
362.5893  777.0000
362.5907  768.0000
362.5923  755.0000
362.5938  763.0000
362.5953  754.0000
362.5968  752.0000
362.5984  736.0000
362.5998  748.0000
362.5996  733.0000
362.6012  726.0000
362.6026  720.0000
362.6042  714.0000
362.6056  709.0000
362.6072  701.0000
362.6086  700.0000
362.6102  686.0000
362.6118  677.0000
362.6132  668.0000
362.6148  665.0000
362.6162  652.0000
362.6178  636.0000
362.6192  641.0000
362.6208  618.0000
362.6222  623.0000
362.6238  611.0000
362.6252  602.0000
362.6268  602.0000
362.6284  582.0000
362.6298  576.0000
362.6297  558.0000
362.6311  541.0000
362.6327  532.0000
362.6342  520.0000
362.6357  495.0000
362.6373  489.0000
362.6387  469.0000
362.6403  452.0000
362.6417  451.0000
362.6433  420.0000
362.6447  430.0000
362.6463  411.0000
362.6477  393.0000
362.6493  390.0000
362.6491  381.0000
362.6505  385.0000
362.6521  380.0000
362.6535  383.0000
362.6551  403.0000
362.6565  416.0000
362.6581  425.0000
362.6599  431.0000
362.6613  441.0000
362.6629  460.0000
362.6643  455.0000
362.6659  469.0000
362.6673  477.0000
362.6689  477.0000
362.6705  495.0000
362.6719  510.0000
362.6735  516.0000
362.6749  542.0000
362.6765  553.0000
362.6779  564.0000
362.6795  577.0000
362.6793  580.0000
362.6807  595.0000
362.6823  587.0000
362.6838  582.0000
362.6853  595.0000
362.6868  577.0000
362.6884  572.0000
362.6898  561.0000
362.6914  536.0000
362.6929  521.0000
362.6944  500.0000
362.6960  490.0000
362.6974  497.0000
362.6990  478.0000
362.6986  486.0000
362.7002  471.0000
362.7018  463.0000
362.7032  469.0000
362.7048  459.0000
362.7062  456.0000
362.7078  456.0000
362.7092  440.0000
362.7108  440.0000
362.7122  441.0000
362.7138  424.0000
362.7152  436.0000
362.7168  418.0000
362.7184  412.0000
362.7198  418.0000
362.7214  402.0000
362.7228  419.0000
362.7244  394.0000
362.7258  397.0000
362.7274  399.0000
362.7288  379.0000
362.7287  386.0000
362.7303  378.0000
362.7317  374.0000
362.7333  384.0000
362.7347  382.0000
362.7363  375.0000
362.7377  386.0000
362.7393  371.0000
362.7409  381.0000
362.7423  379.0000
362.7439  367.0000
362.7453  389.0000
362.7469  363.0000
362.7483  372.0000
362.7481  368.0000
362.7497  356.0000
362.7511  366.0000
362.7527  354.0000
362.7541  353.0000
362.7557  348.0000
362.7571  344.0000
362.7587  351.0000
362.7601  352.0000
362.7617  344.0000
362.7631  359.0000
362.7647  352.0000
362.7663  360.0000
362.7677  380.0000
362.7693  359.0000
362.7707  377.0000
362.7723  374.0000
362.7737  369.0000
362.7753  382.0000
362.7767  360.0000
362.7783  378.0000
362.7782  371.0000
362.7796  359.0000
362.7812  382.0000
362.7826  385.0000
362.7842  389.0000
362.7856  401.0000
362.7872  398.0000
362.7889  408.0000
362.7904  415.0000
362.7919  411.0000
362.7934  432.0000
362.7949  413.0000
362.7964  415.0000
362.7980  441.0000
362.7976  429.0000
362.7990  470.0000
362.8006  440.0000
362.8020  452.0000
362.8036  454.0000
362.8050  444.0000
362.8066  462.0000
362.8084  463.0000
362.8098  465.0000
362.8114  481.0000
362.8128  479.0000
362.8144  475.0000
362.8158  491.0000
362.8174  481.0000
362.8188  495.0000
362.8204  488.0000
362.8220  484.0000
362.8234  510.0000
362.8250  484.0000
362.8264  500.0000
362.8280  495.0000
362.8276  493.0000
362.8292  514.0000
362.8308  498.0000
362.8322  510.0000
362.8338  508.0000
362.8352  499.0000
362.8368  510.0000
362.8382  506.0000
362.8398  511.0000
362.8413  523.0000
362.8428  513.0000
362.8443  517.0000
362.8458  533.0000
362.8474  519.0000
362.8471  541.0000
362.8487  534.0000
362.8501  542.0000
362.8517  553.0000
362.8533  544.0000
362.8547  545.0000
362.8563  530.0000
362.8577  537.0000
362.8593  553.0000
362.8607  543.0000
362.8623  553.0000
362.8637  567.0000
362.8653  555.0000
362.8667  564.0000
362.8683  577.0000
362.8699  580.0000
362.8713  589.0000
362.8729  584.0000
362.8743  594.0000
362.8759  602.0000
362.8773  598.0000
362.8771  619.0000
362.8787  613.0000
362.8801  622.0000
362.8817  630.0000
362.8831  622.0000
362.8847  640.0000
362.8861  630.0000
362.8877  633.0000
362.8891  633.0000
362.8907  630.0000
362.8921  639.0000
362.8937  639.0000
362.8953  641.0000
362.8967  653.0000
362.8966  652.0000
362.8980  650.0000
362.8996  660.0000
362.9012  653.0000
362.9026  656.0000
362.9042  653.0000
362.9056  648.0000
362.9072  653.0000
362.9086  632.0000
362.9102  627.0000
362.9116  612.0000
362.9132  602.0000
362.9146  603.0000
362.9162  581.0000
362.9179  567.0000
362.9194  549.0000
362.9209  532.0000
362.9224  531.0000
362.9240  523.0000
362.9254  523.0000
362.9270  526.0000
362.9268  528.0000
362.9282  530.0000
362.9298  543.0000
362.9312  546.0000
362.9328  566.0000
362.9344  577.0000
362.9358  593.0000
362.9374  611.0000
362.9388  617.0000
362.9404  637.0000
362.9418  642.0000
362.9434  647.0000
362.9448  659.0000
362.9464  656.0000
362.9462  664.0000
362.9476  668.0000
362.9492  670.0000
362.9506  674.0000
362.9522  673.0000
362.9536  671.0000
362.9552  671.0000
362.9566  664.0000
362.9582  662.0000
362.9598  661.0000
362.9612  654.0000
362.9628  662.0000
362.9642  649.0000
362.9658  649.0000
362.9672  648.0000
362.9688  637.0000
362.9702  640.0000
362.9718  632.0000
362.9732  633.0000
362.9748  626.0000
362.9764  615.0000
362.9761  613.0000
362.9777  602.0000
362.9791  588.0000
362.9807  578.0000
362.9823  561.0000
362.9837  541.0000
362.9853  532.0000
362.9867  503.0000
362.9883  495.0000
362.9897  477.0000
362.9913  456.0000
362.9927  455.0000
362.9943  433.0000
362.9957  432.0000
362.9955  419.0000
362.9971  406.0000
362.9985  401.0000
363.0001  390.0000
363.0015  387.0000
363.0031  380.0000
363.0045  373.0000
363.0061  364.0000
363.0077  362.0000
363.0091  351.0000
363.0107  351.0000
363.0121  345.0000
363.0137  345.0000
363.0151  340.0000
363.0167  344.0000
363.0181  340.0000
363.0197  343.0000
363.0211  341.0000
363.0227  338.0000
363.0243  350.0000
363.0257  346.0000
363.0255  353.0000
363.0269  356.0000
363.0285  350.0000
363.0299  358.0000
363.0315  360.0000
363.0331  350.0000
363.0345  368.0000
363.0361  355.0000
363.0375  359.0000
363.0391  368.0000
363.0405  350.0000
363.0421  380.0000
363.0436  357.0000
363.0451  371.0000
363.0450  377.0000
363.0464  359.0000
363.0480  373.0000
363.0494  364.0000
363.0510  362.0000
363.0524  367.0000
363.0540  363.0000
363.0557  365.0000
363.0572  377.0000
363.0587  360.0000
363.0602  379.0000
363.0617  377.0000
363.0632  368.0000
363.0647  387.0000
363.0663  359.0000
363.0677  384.0000
363.0693  376.0000
363.0708  371.0000
363.0723  382.0000
363.0738  371.0000
363.0753  380.0000
363.0752  380.0000
363.0766  374.0000
363.0782  385.0000
363.0796  391.0000
363.0812  381.0000
363.0826  399.0000
363.0842  385.0000
363.0856  396.0000
363.0872  401.0000
363.0888  383.0000
363.0902  407.0000
363.0918  391.0000
363.0932  407.0000
363.0948  412.0000
363.0944  410.0000
363.0960  434.0000
363.0976  438.0000
363.0990  443.0000
363.1006  462.0000
363.1020  468.0000
363.1036  478.0000
363.1050  501.0000
363.1066  491.0000
363.1080  521.0000
363.1096  524.0000
363.1110  530.0000
363.1126  561.0000
363.1142  543.0000
363.1156  569.0000
363.1172  561.0000
363.1186  564.0000
363.1202  605.0000
363.1216  608.0000
363.1232  612.0000
363.1246  619.0000
363.1244  610.0000
363.1260  618.0000
363.1274  621.0000
363.1290  610.0000
363.1304  628.0000
363.1320  608.0000
363.1334  616.0000
363.1350  622.0000
363.1366  606.0000
363.1380  625.0000
363.1396  604.0000
363.1410  623.0000
363.1426  622.0000
363.1440  611.0000
363.1439  618.0000
363.1455  618.0000
363.1469  615.0000
363.1485  627.0000
363.1499  618.0000
363.1515  620.0000
363.1529  630.0000
363.1545  604.0000
363.1559  628.0000
363.1575  619.0000
363.1589  618.0000
363.1605  634.0000
363.1621  610.0000
363.1635  637.0000
363.1651  625.0000
363.1665  631.0000
363.1681  638.0000
363.1695  635.0000
363.1711  635.0000
363.1725  642.0000
363.1741  622.0000
363.1739  635.0000
363.1753  638.0000
363.1769  618.0000
363.1783  638.0000
363.1799  610.0000
363.1813  625.0000
363.1829  623.0000
363.1847  604.0000
363.1861  628.0000
363.1877  607.0000
363.1891  624.0000
363.1907  621.0000
363.1921  615.0000
363.1937  625.0000
363.1935  620.0000
363.1949  607.0000
363.1965  615.0000
363.1979  602.0000
363.1995  599.0000
363.2011  604.0000
363.2025  566.0000
363.2041  591.0000
363.2055  578.0000
363.2071  570.0000
363.2085  582.0000
363.2101  553.0000
363.2115  580.0000
363.2131  562.0000
363.2145  567.0000
363.2161  570.0000
363.2177  565.0000
363.2191  559.0000
363.2207  560.0000
363.2221  545.0000
363.2237  549.0000
363.2233  540.0000
363.2249  526.0000
363.2265  539.0000
363.2279  519.0000
363.2295  523.0000
363.2309  521.0000
363.2325  509.0000
363.2339  531.0000
363.2355  504.0000
363.2369  521.0000
363.2385  520.0000
363.2399  504.0000
363.2415  524.0000
363.2431  516.0000
363.2427  512.0000
363.2443  515.0000
363.2457  500.0000
363.2473  502.0000
363.2489  509.0000
363.2503  491.0000
363.2519  510.0000
363.2533  497.0000
363.2549  496.0000
363.2563  508.0000
363.2579  479.0000
363.2593  503.0000
363.2609  495.0000
363.2623  492.0000
363.2639  509.0000
363.2655  493.0000
363.2669  511.0000
363.2685  510.0000
363.2699  508.0000
363.2715  510.0000
363.2729  508.0000
363.2727  501.0000
363.2743  510.0000
363.2757  497.0000
363.2773  511.0000
363.2788  517.0000
363.2803  501.0000
363.2818  518.0000
363.2833  504.0000
363.2848  512.0000
363.2863  521.0000
363.2878  499.0000
363.2893  522.0000
363.2909  505.0000
363.2923  517.0000
363.2922  520.0000
363.2936  511.0000
363.2952  516.0000
363.2968  515.0000
363.2982  503.0000
363.2998  508.0000
363.3012  507.0000
363.3028  498.0000
363.3042  508.0000
363.3058  484.0000
363.3072  499.0000
363.3088  488.0000
363.3102  475.0000
363.3118  492.0000
363.3135  461.0000
363.3149  478.0000
363.3165  467.0000
363.3179  452.0000
363.3195  459.0000
363.3209  439.0000
363.3225  440.0000
363.3223  428.0000
363.3238  413.0000
363.3253  408.0000
363.3268  401.0000
363.3283  383.0000
363.3298  382.0000
363.3313  361.0000
363.3329  345.0000
363.3343  346.0000
363.3359  317.0000
363.3374  321.0000
363.3389  303.0000
363.3404  287.0000
363.3419  284.0000
363.3418  251.0000
363.3432  257.0000
363.3448  233.0000
363.3462  214.0000
363.3478  205.0000
363.3492  167.0000
363.3508  102.0000
363.3522  117.0000
363.3538  124.0000
363.3554  145.0000
363.3568  166.0000
363.3584  177.0000
363.3598  205.0000
363.3614  209.0000
363.3628  234.0000
363.3644  248.0000
363.3658  244.0000
363.3674  276.0000
363.3688  274.0000
363.3704  291.0000
363.3719  307.0000
363.3716  305.0000
363.3732  333.0000
363.3746  334.0000
363.3762  354.0000
363.3776  371.0000
363.3792  379.0000
363.3808  400.0000
363.3822  415.0000
363.3838  422.0000
363.3852  444.0000
363.3868  454.0000
363.3882  457.0000
363.3898  482.0000
363.3912  473.0000
363.3910  494.0000
363.3926  502.0000
363.3940  502.0000
363.3956  519.0000
363.3970  512.0000
363.3986  532.0000
363.4000  532.0000
363.4016  529.0000
363.4032  546.0000
363.4046  535.0000
363.4062  549.0000
363.4076  551.0000
363.4092  545.0000
363.4106  553.0000
363.4122  563.0000
363.4136  565.0000
363.4152  585.0000
363.4166  576.0000
363.4182  588.0000
363.4198  604.0000
363.4212  602.0000
363.4210  637.0000
363.4224  641.0000
363.4240  657.0000
363.4254  682.0000
363.4270  672.0000
363.4286  702.0000
363.4300  698.0000
363.4316  706.0000
363.4330  724.0000
363.4346  732.0000
363.4360  737.0000
363.4376  744.0000
363.4390  751.0000
363.4406  762.0000
363.4404  767.0000
363.4418  757.0000
363.4434  759.0000
363.4448  752.0000
363.4464  755.0000
363.4478  755.0000
363.4494  753.0000
363.4512  740.0000
363.4526  745.0000
363.4542  741.0000
363.4556  737.0000
363.4572  729.0000
363.4586  721.0000
363.4602  717.0000
363.4618  714.0000
363.4632  710.0000
363.4648  705.0000
363.4662  691.0000
363.4678  688.0000
363.4692  675.0000
363.4708  671.0000
363.4706  671.0000
363.4720  657.0000
363.4736  641.0000
363.4750  649.0000
363.4766  632.0000
363.4780  618.0000
363.4796  620.0000
363.4810  606.0000
363.4826  611.0000
363.4842  585.0000
363.4856  587.0000
363.4872  573.0000
363.4886  550.0000
363.4902  542.0000
363.4898  537.0000
363.4914  512.0000
363.4930  497.0000
363.4944  483.0000
363.4960  460.0000
363.4974  456.0000
363.4990  429.0000
363.5004  432.0000
363.5020  423.0000
363.5034  412.0000
363.5050  418.0000
363.5064  400.0000
363.5080  412.0000
363.5096  402.0000
363.5110  410.0000
363.5126  424.0000
363.5140  443.0000
363.5156  455.0000
363.5170  489.0000
363.5186  488.0000
363.5200  498.0000
363.5198  526.0000
363.5214  526.0000
363.5228  546.0000
363.5244  540.0000
363.5258  540.0000
363.5274  554.0000
363.5288  544.0000
363.5304  569.0000
363.5320  571.0000
363.5334  572.0000
363.5350  580.0000
363.5364  557.0000
363.5380  559.0000
363.5394  534.0000
363.5392  529.0000
363.5408  520.0000
363.5422  516.0000
363.5438  502.0000
363.5452  510.0000
363.5468  490.0000
363.5482  482.0000
363.5498  500.0000
363.5512  483.0000
363.5528  488.0000
363.5542  471.0000
363.5558  475.0000
363.5574  478.0000
363.5588  449.0000
363.5604  463.0000
363.5618  447.0000
363.5634  443.0000
363.5648  443.0000
363.5664  430.0000
363.5678  429.0000
363.5694  438.0000
363.5692  418.0000
363.5706  432.0000
363.5722  420.0000
363.5736  415.0000
363.5752  432.0000
363.5766  399.0000
363.5782  411.0000
363.5799  402.0000
363.5814  395.0000
363.5829  414.0000
363.5844  399.0000
363.5859  411.0000
363.5874  394.0000
363.5889  393.0000
363.5888  394.0000
363.5902  386.0000
363.5918  383.0000
363.5932  401.0000
363.5948  398.0000
363.5964  383.0000
363.5978  375.0000
363.5994  363.0000
363.6008  392.0000
363.6024  376.0000
363.6038  376.0000
363.6053  386.0000
363.6068  370.0000
363.6083  383.0000
363.6098  365.0000
363.6113  370.0000
363.6128  368.0000
363.6143  356.0000
363.6159  353.0000
363.6173  363.0000
363.6189  354.0000
363.6186  369.0000
363.6202  363.0000
363.6218  362.0000
363.6232  383.0000
363.6247  361.0000
363.6262  378.0000
363.6277  375.0000
363.6292  367.0000
363.6307  399.0000
363.6322  371.0000
363.6337  391.0000
363.6352  388.0000
363.6367  385.0000
363.6383  414.0000
363.6380  398.0000
363.6396  401.0000
363.6410  412.0000
363.6426  408.0000
363.6441  413.0000
363.6456  423.0000
363.6471  421.0000
363.6486  441.0000
363.6501  440.0000
363.6516  433.0000
363.6531  458.0000
363.6546  439.0000
363.6561  463.0000
363.6575  455.0000
363.6591  445.0000