357.6783  274.0000
357.6797  246.0000
357.6812  266.0000
357.6826  279.0000
357.6840  306.0000
357.6855  349.0000
357.6869  388.0000
357.6891  433.0000
357.6905  480.0000
357.6919  516.0000
357.6934  558.0000
357.6948  615.0000
357.6962  651.0000
357.6975  703.0000
357.6980  723.0000
357.6994  725.0000
357.7009  732.0000
357.7023  713.0000
357.7037  713.0000
357.7052  701.0000
357.7064  683.0000
357.7088  675.0000
357.7102  640.0000
357.7116  630.0000
357.7131  625.0000
357.7145  613.0000
357.7159  573.0000
357.7174  525.0000
357.7177  437.0000
357.7191  365.0000
357.7206  320.0000
357.7220  272.0000
357.7234  272.0000
357.7249  265.0000
357.7263  277.0000
357.7285  287.0000
357.7299  282.0000
357.7313  328.0000
357.7328  367.0000
357.7342  396.0000
357.7356  443.0000
357.7369  475.0000
357.7392  499.0000
357.7406  522.0000
357.7421  529.0000
357.7435  529.0000
357.7449  540.0000
357.7464  508.0000
357.7478  492.0000
357.7482  446.0000
357.7496  393.0000
357.7510  362.0000
357.7525  313.0000
357.7539  277.0000
357.7553  221.0000
357.7568  171.0000
357.7589  178.0000
357.7603  199.0000
357.7618  248.0000
357.7632  320.0000
357.7646  395.0000
357.7661  467.0000
357.7673  545.0000
357.7679  592.0000
357.7693  651.0000
357.7707  687.0000
357.7722  704.0000
357.7736  733.0000
357.7750  739.0000
357.7765  745.0000
357.7786  752.0000
357.7800  737.0000
357.7815  734.0000
357.7829  726.0000
357.7843  718.0000
357.7858  716.0000
357.7872  716.0000
357.7894  708.0000
357.7908  716.0000
357.7922  729.0000
357.7937  758.0000
357.7951  804.0000
357.7965  826.0000
357.7978  839.0000
357.7983  817.0000
357.7997  757.0000
357.8012  685.0000
357.8026  594.0000
357.8040  503.0000
357.8055  432.0000
357.8067  364.0000
357.8091  319.0000
357.8105  292.0000
357.8119  268.0000
357.8134  258.0000
357.8148  249.0000
357.8162  229.0000
357.8177  240.0000
357.8180  234.0000
357.8194  243.0000
357.8209  268.0000
357.8223  258.0000
357.8237  278.0000
357.8252  277.0000
357.8266  263.0000
357.8288  282.0000
357.8302  270.0000
357.8316  288.0000
357.8331  308.0000
357.8345  319.0000
357.8359  346.0000
357.8372  362.0000
357.8395  359.0000
357.8409  393.0000
357.8424  418.0000
357.8438  414.0000
357.8452  482.0000
357.8467  479.0000
357.8481  496.0000
357.8485  498.0000
357.8499  414.0000
357.8513  413.0000
357.8527  348.0000
357.8542  296.0000
357.8556  302.0000
357.8570  270.0000
357.8592  307.0000
357.8606  345.0000
357.8621  365.0000
357.8635  418.0000
357.8649  476.0000
357.8664  487.0000
357.8676  551.0000
357.8681  565.0000
357.8696  541.0000
357.8710  571.0000
357.8724  536.0000
357.8739  550.0000
357.8753  593.0000
357.8767  588.0000
357.8789  655.0000
357.8803  654.0000
357.8818  658.0000
357.8832  671.0000
357.8846  651.0000
357.8861  649.0000
357.8875  635.0000
357.8896  609.0000
357.8911  605.0000
357.8925  604.0000
357.8939  567.0000
357.8954  583.0000
357.8968  554.0000
357.8980  519.0000
357.8986  497.0000
357.9000  403.0000
357.9015  382.0000
357.9029  355.0000
357.9043  351.0000
357.9057  402.0000
357.9070  405.0000
357.9093  442.0000
357.9108  465.0000
357.9122  463.0000
357.9136  470.0000
357.9151  462.0000
357.9165  446.0000
357.9179  461.0000
357.9183  486.0000
357.9197  497.0000
357.9211  537.0000
357.9226  542.0000
357.9240  540.0000
357.9254  544.0000
357.9269  519.0000
357.9290  537.0000
357.9305  533.0000
357.9319  533.0000
357.9333  565.0000
357.9348  567.0000
357.9362  572.0000
357.9374  569.0000
357.9398  548.0000
357.9412  527.0000
357.9426  496.0000
357.9441  463.0000
357.9455  463.0000
357.9469  473.0000
357.9484  484.0000
357.9487  539.0000
357.9501  580.0000
357.9516  626.0000
357.9530  644.0000
357.9544  612.0000
357.9559  617.0000
357.9573  600.0000
357.9595  579.0000
357.9609  570.0000
357.9623  540.0000
357.9638  525.0000
357.9652  501.0000
357.9666  472.0000
357.9679  453.0000
357.9684  450.0000
357.9698  464.0000
357.9713  493.0000
357.9727  497.0000
357.9741  450.0000
357.9756  391.0000
357.9770  313.0000
357.9791  261.0000
357.9806  222.0000
357.9820  196.0000
357.9834  218.0000
357.9849  244.0000
357.9863  277.0000
357.9877  305.0000
357.9899  339.0000
357.9913  381.0000
357.9927  433.0000
357.9942  496.0000
357.9956  576.0000
357.9970  645.0000
357.9983  707.0000
357.9988  758.0000
358.0003  791.0000
358.0017  808.0000
358.0031  822.0000
358.0046  837.0000
358.0060  857.0000
358.0072  868.0000
358.0096  853.0000
358.0110  820.0000
358.0124  776.0000
358.0139  733.0000
358.0153  709.0000
358.0167  698.0000
358.0182  702.0000
358.0185  717.0000
358.0200  745.0000
358.0214  786.0000
358.0228  825.0000
358.0242  860.0000
358.0257  881.0000
358.0271  896.0000
358.0293  896.0000
358.0307  889.0000
358.0321  879.0000
358.0336  853.0000
358.0350  830.0000
358.0364  796.0000
358.0377  764.0000
358.0400  728.0000
358.0414  688.0000
358.0429  643.0000
358.0443  596.0000
358.0457  545.0000
358.0472  503.0000
358.0486  469.0000
358.0489  442.0000
358.0504  426.0000
358.0518  420.0000
358.0532  425.0000
358.0547  439.0000
358.0561  461.0000
358.0575  490.0000
358.0597  529.0000
358.0611  580.0000
358.0625  629.0000
358.0640  660.0000
358.0654  673.0000
358.0668  664.0000
358.0681  634.0000
358.0686  598.0000
358.0701  556.0000
358.0715  513.0000
358.0729  483.0000
358.0744  455.0000
358.0758  423.0000
358.0772  415.0000
358.0794  430.0000
358.0808  469.0000
358.0822  516.0000
358.0837  547.0000
358.0851  572.0000
358.0865  581.0000
358.0880  580.0000
358.0901  575.0000
358.0915  554.0000
358.0930  529.0000
358.0944  497.0000
358.0958  459.0000
358.0973  428.0000
358.0985  398.0000
358.0991  367.0000
358.1005  347.0000
358.1019  324.0000
358.1034  297.0000
358.1048  291.0000
358.1062  301.0000
358.1075  328.0000
358.1098  367.0000
358.1112  404.0000
358.1127  450.0000
358.1141  494.0000
358.1155  543.0000
358.1170  589.0000
358.1184  641.0000
358.1187  695.0000
358.1202  747.0000
358.1216  781.0000
358.1230  790.0000
358.1245  788.0000
358.1259  770.0000
358.1273  747.0000
358.1295  700.0000
358.1309  648.0000
358.1323  593.0000
358.1338  533.0000
358.1352  486.0000
358.1366  446.0000
358.1379  423.0000
358.1402  414.0000
358.1416  414.0000
358.1431  432.0000
358.1445  456.0000
358.1459  479.0000
358.1474  496.0000
358.1488  500.0000
358.1492  488.0000
358.1506  473.0000
358.1520  446.0000
358.1535  418.0000
358.1549  396.0000
358.1563  384.0000
358.1577  395.0000
358.1599  416.0000
358.1613  453.0000
358.1628  488.0000
358.1642  522.0000
358.1656  560.0000
358.1671  598.0000
358.1683  628.0000
358.1688  657.0000
358.1703  681.0000
358.1717  701.0000
358.1731  722.0000
358.1746  735.0000
358.1760  754.0000
358.1774  765.0000
358.1796  769.0000
358.1810  789.0000
358.1824  802.0000
358.1839  818.0000
358.1853  830.0000
358.1867  824.0000
358.1882  806.0000
358.1903  782.0000
358.1917  744.0000
358.1932  693.0000
358.1946  651.0000
358.1960  584.0000
358.1975  532.0000
358.1987  442.0000
358.1993  400.0000
358.2007  377.0000
358.2021  360.0000
358.2035  365.0000
358.2050  365.0000
358.2064  379.0000
358.2077  389.0000
358.2100  403.0000
358.2114  410.0000
358.2129  425.0000
358.2143  446.0000
358.2157  474.0000
358.2171  509.0000
358.2186  528.0000
358.2189  566.0000
358.2204  591.0000
358.2218  605.0000
358.2232  606.0000
358.2247  574.0000
358.2261  561.0000
358.2275  547.0000
358.2297  542.0000
358.2311  544.0000
358.2325  553.0000
358.2340  574.0000
358.2354  592.0000
358.2368  606.0000
358.2381  580.0000
358.2404  539.0000
358.2418  475.0000
358.2433  412.0000
358.2447  359.0000
358.2461  338.0000
358.2476  327.0000
358.2490  336.0000
358.2493  349.0000
358.2508  361.0000
358.2522  396.0000
358.2536  449.0000
358.2551  515.0000
358.2565  568.0000
358.2579  552.0000
358.2601  516.0000
358.2615  484.0000
358.2629  416.0000
358.2644  386.0000
358.2658  342.0000
358.2672  321.0000
358.2685  340.0000
358.2690  328.0000
358.2704  364.0000
358.2719  395.0000
358.2733  426.0000
358.2747  470.0000
358.2762  473.0000
358.2776  465.0000
358.2797  458.0000
358.2812  464.0000
358.2826  461.0000
358.2840  499.0000
358.2855  446.0000
358.2869  474.0000
358.2883  489.0000
358.2905  461.0000
358.2919  514.0000
358.2933  452.0000
358.2948  449.0000
358.2962  471.0000
358.2976  448.0000
358.2989  491.0000
358.2994  496.0000
358.3009  513.0000
358.3023  557.0000
358.3037  562.0000
358.3051  572.0000
358.3066  597.0000
358.3078  575.0000
358.3102  568.0000
358.3116  610.0000
358.3130  588.0000
358.3144  627.0000
358.3159  634.0000
358.3173  634.0000
358.3187  633.0000
358.3191  606.0000
358.3205  605.0000
358.3220  582.0000
358.3234  572.0000
358.3248  585.0000
358.3263  577.0000
358.3277  584.0000
358.3298  590.0000
358.3313  580.0000
358.3327  575.0000
358.3341  573.0000
358.3356  570.0000
358.3370  577.0000
358.3382  615.0000
358.3406  600.0000
358.3420  596.0000
358.3434  580.0000
358.3449  536.0000
358.3463  527.0000
358.3477  501.0000
358.3491  485.0000
358.3495  493.0000
358.3509  500.0000
358.3524  518.0000
358.3538  525.0000
358.3552  539.0000
358.3567  547.0000
358.3581  538.0000
358.3602  522.0000
358.3617  509.0000
358.3631  451.0000
358.3645  423.0000
358.3660  380.0000
358.3674  344.0000
358.3686  352.0000
358.3692  369.0000
358.3706  407.0000
358.3720  427.0000
358.3735  438.0000
358.3749  451.0000
358.3763  438.0000
358.3776  436.0000
358.3799  445.0000
358.3813  444.0000
358.3828  447.0000
358.3842  456.0000
358.3856  456.0000
358.3871  458.0000
358.3885  462.0000
358.3906  478.0000
358.3921  530.0000
358.3935  584.0000
358.3949  615.0000
358.3963  602.0000
358.3976  569.0000
358.3990  498.0000
358.3996  414.0000
358.4010  326.0000
358.4024  228.0000
358.4039  139.0000
358.4053   55.0000
358.4067   22.0000
358.4080   17.0000
358.4103   59.0000
358.4117  114.0000
358.4132  183.0000
358.4146  267.0000
358.4160  359.0000
358.4174  448.0000
358.4189  519.0000
358.4192  586.0000
358.4207  625.0000
358.4221  643.0000
358.4235  652.0000
358.4250  634.0000
358.4264  595.0000
358.4278  553.0000
358.4300  500.0000
358.4314  451.0000
358.4328  407.0000
358.4343  370.0000
358.4357  349.0000
358.4371  334.0000
358.4384  343.0000
358.4407  368.0000
358.4421  399.0000
358.4436  443.0000
358.4450  501.0000
358.4464  545.0000
358.4478  581.0000
358.4493  608.0000
358.4496  616.0000
358.4511  630.0000
358.4525  616.0000
358.4539  590.0000
358.4554  557.0000
358.4568  518.0000
358.4582  502.0000
358.4604  498.0000
358.4618  517.0000
358.4632  553.0000
358.4646  596.0000
358.4661  650.0000
358.4675  711.0000
358.4688  766.0000
358.4693  834.0000
358.4707  867.0000
358.4722  850.0000
358.4736  827.0000
358.4750  773.0000
358.4764  703.0000
358.4777  634.0000
358.4800  540.0000
358.4815  454.0000
358.4829  373.0000
358.4843  296.0000
358.4857  255.0000
358.4872  222.0000
358.4886  203.0000
358.4907  192.0000
358.4922  181.0000
358.4936  162.0000
358.4950  154.0000
358.4965  143.0000
358.4977  137.0000
358.4991  151.0000
358.4997  161.0000
358.5011  203.0000
358.5025  223.0000
358.5040  242.0000
358.5054  274.0000
358.5068  278.0000
358.5081  297.0000
358.5104  303.0000
358.5118  313.0000
358.5133  334.0000
358.5147  331.0000
358.5161  297.0000
358.5176  259.0000
358.5190  226.0000
358.5193  219.0000
358.5208  262.0000
358.5222  303.0000
358.5236  367.0000
358.5251  428.0000
358.5265  454.0000
358.5279  506.0000
358.5301  536.0000
358.5315  587.0000
358.5329  635.0000
358.5344  665.0000
358.5358  702.0000
358.5372  709.0000
358.5385  704.0000
358.5408  706.0000
358.5422  685.0000
358.5437  638.0000
358.5451  604.0000
358.5465  551.0000
358.5479  500.0000
358.5494  466.0000
358.5497  400.0000
358.5512  367.0000
358.5526  333.0000
358.5540  315.0000
358.5555  338.0000
358.5569  350.0000
358.5583  399.0000
358.5605  447.0000
358.5619  493.0000
358.5633  551.0000
358.5647  581.0000
358.5662  590.0000
358.5676  600.0000
358.5689  589.0000
358.5694  570.0000
358.5708  573.0000
358.5723  562.0000
358.5737  556.0000
358.5751  548.0000
358.5765  514.0000
358.5778  510.0000
358.5801  485.0000
358.5815  468.0000
358.5830  459.0000
358.5844  419.0000
358.5858  381.0000
358.5873  349.0000
358.5887  340.0000
358.5908  365.0000
358.5923  401.0000
358.5937  422.0000
358.5951  460.0000
358.5966  477.0000
358.5978  486.0000
358.5992  506.0000
358.5998  498.0000
358.6012  511.0000
358.6026  515.0000
358.6041  515.0000
358.6055  539.0000
358.6069  533.0000
358.6082  545.0000
358.6105  538.0000
358.6119  538.0000
358.6134  536.0000
358.6148  519.0000
358.6162  496.0000
358.6177  476.0000
358.6191  453.0000
358.6194  429.0000
358.6209  428.0000
358.6223  433.0000
358.6237  463.0000
358.6252  491.0000
358.6266  505.0000
358.6280  541.0000
358.6302  549.0000
358.6316  571.0000
358.6330  595.0000
358.6344  603.0000
358.6359  611.0000
358.6373  612.0000
358.6386  616.0000
358.6409  646.0000
358.6423  683.0000
358.6437  717.0000
358.6452  753.0000
358.6466  750.0000
358.6480  727.0000
358.6495  699.0000
358.6498  652.0000
358.6512  593.0000
358.6527  511.0000
358.6541  418.0000
358.6555  339.0000
358.6570  290.0000
358.6584  268.0000
358.6605  272.0000
358.6620  283.0000
358.6634  302.0000
358.6648  324.0000
358.6663  330.0000
358.6677  333.0000
358.6689  339.0000
358.6695  317.0000
358.6709  306.0000
358.6723  273.0000
358.6738  244.0000
358.6752  231.0000
358.6766  209.0000
358.6779  231.0000
358.6802  251.0000
358.6816  285.0000
358.6830  352.0000
358.6845  403.0000
358.6859  468.0000
358.6873  527.0000
358.6888  556.0000
358.6909  571.0000
358.6923  592.0000
358.6938  574.0000
358.6952  605.0000
358.6966  627.0000
358.6979  639.0000
358.6993  713.0000
358.6998  748.0000
358.7013  763.0000
358.7027  792.0000
358.7041  741.0000
358.7056  724.0000
358.7070  663.0000
358.7082  586.0000
358.7106  540.0000
358.7120  471.0000
358.7134  420.0000
358.7149  403.0000
358.7163  381.0000
358.7177  390.0000
358.7191  449.0000
358.7195  440.0000
358.7209  507.0000
358.7224  527.0000
358.7238  521.0000
358.7252  578.0000
358.7266  527.0000
358.7281  553.0000
358.7302  544.0000
358.7316  500.0000
358.7331  539.0000
358.7345  514.0000
358.7359  509.0000
358.7374  525.0000
358.7386  511.0000
358.7409  507.0000
358.7424  526.0000
358.7438  505.0000
358.7452  523.0000
358.7467  545.0000
358.7481  513.0000
358.7495  567.0000
358.7499  556.0000
358.7513  543.0000
358.7527  562.0000
358.7542  515.0000
358.7556  533.0000
358.7570  498.0000
358.7584  446.0000
358.7606  445.0000
358.7620  398.0000
358.7634  373.0000
358.7649  361.0000
358.7663  342.0000
358.7677  328.0000
358.7690  331.0000
358.7695  309.0000
358.7709  336.0000
358.7724  369.0000
358.7738  369.0000
358.7752  409.0000
358.7767  397.0000
358.7779  391.0000
358.7802  377.0000
358.7817  325.0000
358.7831  328.0000
358.7845  320.0000
358.7860  324.0000
358.7874  336.0000
358.7888  303.0000
358.7910  291.0000
358.7924  278.0000
358.7938  241.0000
358.7952  220.0000
358.7967  241.0000
358.7979  268.0000
358.7993  334.0000
358.7999  384.0000
358.8013  406.0000
358.8027  482.0000
358.8042  541.0000
358.8056  614.0000
358.8070  700.0000
358.8083  742.0000
358.8106  785.0000
358.8120  775.0000
358.8135  723.0000
358.8149  683.0000
358.8163  644.0000
358.8177  619.0000
358.8192  596.0000
358.8195  581.0000
358.8210  583.0000
358.8224  597.0000
358.8238  602.0000
358.8252  616.0000
358.8267  613.0000
358.8281  597.0000
358.8302  602.0000
358.8317  596.0000
358.8331  610.0000
358.8345  615.0000
358.8360  603.0000
358.8374  591.0000
358.8386  550.0000
358.8410  501.0000
358.8424  452.0000
358.8438  406.0000
358.8453  388.0000
358.8467  388.0000
358.8481  407.0000
358.8495  443.0000
358.8499  500.0000
358.8513  560.0000
358.8528  628.0000
358.8542  681.0000
358.8556  712.0000
358.8570  744.0000
358.8585  753.0000
358.8606  756.0000
358.8620  749.0000
358.8635  727.0000
358.8649  715.0000
358.8663  698.0000
358.8678  676.0000
358.8690  654.0000
358.8695  631.0000
358.8710  613.0000
358.8724  600.0000
358.8738  595.0000
358.8753  601.0000
358.8767  613.0000
358.8779  630.0000
358.8803  651.0000
358.8817  656.0000
358.8831  645.0000
358.8845  627.0000
358.8860  598.0000
358.8874  584.0000
358.8888  589.0000
358.8910  603.0000
358.8924  635.0000
358.8938  666.0000
358.8953  692.0000
358.8967  716.0000
358.8979  725.0000
358.8994  719.0000
358.8999  698.0000
358.9013  665.0000
358.9028  620.0000
358.9042  582.0000
358.9056  542.0000
358.9070  511.0000
358.9083  407.0000
358.9106  474.0000
358.9120  465.0000
358.9135  461.0000
358.9149  470.0000
358.9163  486.0000
358.9178  502.0000
358.9192  528.0000
358.9195  547.0000
358.9210  565.0000
358.9224  588.0000
358.9238  607.0000
358.9253  627.0000
358.9267  648.0000
358.9281  672.0000
358.9303  693.0000
358.9317  707.0000
358.9331  702.0000
358.9345  684.0000
358.9360  656.0000
358.9374  604.0000
358.9386  551.0000
358.9410  493.0000
358.9424  434.0000
358.9438  387.0000
358.9453  363.0000
358.9467  365.0000
358.9481  392.0000
358.9495  433.0000
358.9499  485.0000
358.9513  543.0000
358.9528  588.0000
358.9542  627.0000
358.9556  651.0000
358.9570  658.0000
358.9585  659.0000
358.9606  645.0000
358.9620  628.0000
358.9635  613.0000
358.9649  591.0000
358.9663  578.0000
358.9678  565.0000
358.9690  561.0000
358.9695  558.0000
358.9710  556.0000
358.9724  551.0000
358.9738  547.0000
358.9752  537.0000
358.9767  524.0000
358.9779  515.0000
358.9802  503.0000
358.9817  506.0000
358.9831  512.0000
358.9845  524.0000
358.9860  535.0000
358.9874  526.0000
358.9888  514.0000
358.9910  496.0000
358.9924  480.0000
358.9938  474.0000
358.9952  470.0000
358.9967  473.0000
358.9979  482.0000
358.9994  491.0000
358.9999  500.0000
359.0013  514.0000
359.0027  519.0000
359.0042  530.0000
359.0056  534.0000
359.0070  543.0000
359.0083  554.0000
359.0106  567.0000
359.0120  593.0000
359.0135  630.0000
359.0149  671.0000
359.0163  718.0000
359.0177  795.0000
359.0192  851.0000
359.0195  903.0000
359.0210  930.0000
359.0224  911.0000
359.0238  866.0000
359.0252  787.0000
359.0267  700.0000
359.0281  615.0000
359.0302  552.0000
359.0317  501.0000
359.0331  455.0000
359.0345  437.0000
359.0359  427.0000
359.0374  424.0000
359.0386  427.0000
359.0409  430.0000
359.0424  428.0000
359.0438  423.0000
359.0452  414.0000
359.0467  404.0000
359.0481  400.0000
359.0495  391.0000
359.0499  389.0000
359.0513  383.0000
359.0527  363.0000
359.0542  342.0000
359.0556  325.0000
359.0570  326.0000
359.0584  336.0000
359.0606  369.0000
359.0620  416.0000
359.0634  468.0000
359.0649  509.0000
359.0663  542.0000
359.0675  565.0000
359.0690  572.0000
359.0695  570.0000
359.0709  543.0000
359.0724  518.0000
359.0738  481.0000
359.0752  439.0000
359.0766  411.0000
359.0779  381.0000
359.0802  381.0000
359.0816  373.0000
359.0831  382.0000
359.0845  390.0000
359.0859  401.0000
359.0874  415.0000
359.0888  425.0000
359.0909  423.0000
359.0924  435.0000
359.0938  456.0000
359.0952  482.0000
359.0966  552.0000
359.0979  607.0000
359.0993  681.0000
359.0998  736.0000
359.1013  768.0000
359.1027  789.0000
359.1041  774.0000
359.1056  725.0000
359.1070  664.0000
359.1082  606.0000
359.1106  545.0000
359.1120  485.0000
359.1134  439.0000
359.1148  414.0000
359.1163  394.0000
359.1177  410.0000
359.1191  413.0000
359.1195  418.0000
359.1209  457.0000
359.1223  479.0000
359.1238  507.0000
359.1252  546.0000
359.1266  554.0000
359.1280  590.0000
359.1302  615.0000
359.1316  642.0000
359.1330  682.0000
359.1345  697.0000
359.1359  688.0000
359.1373  698.0000
359.1386  651.0000
359.1409  637.0000
359.1423  618.0000
359.1438  569.0000