352.9145  702.0000
352.9160  758.0000
352.9174  817.0000
352.9189  881.0000
352.9203  933.0000
352.9218  938.0000
352.9232  930.0000
352.9254  872.0000
352.9269  795.0000
352.9283  728.0000
352.9298  662.0000
352.9312  615.0000
352.9325  578.0000
352.9339  565.0000
352.9345  570.0000
352.9359  580.0000
352.9374  585.0000
352.9388  596.0000
352.9403  589.0000
352.9417  583.0000
352.9430  579.0000
352.9454  567.0000
352.9468  556.0000
352.9483  527.0000
352.9497  495.0000
352.9512  484.0000
352.9526  460.0000
352.9541  437.0000
352.9544  405.0000
352.9559  366.0000
352.9573  327.0000
352.9588  310.0000
352.9602  296.0000
352.9617  310.0000
352.9631  307.0000
352.9653  288.0000
352.9668  275.0000
352.9682  223.0000
352.9697  214.0000
352.9711  220.0000
352.9724  244.0000
352.9738  314.0000
352.9762  358.0000
352.9776  414.0000
352.9791  460.0000
352.9805  500.0000
352.9820  545.0000
352.9834  623.0000
352.9849  663.0000
352.9853  695.0000
352.9867  692.0000
352.9882  655.0000
352.9896  685.0000
352.9911  693.0000
352.9925  686.0000
352.9940  688.0000
352.9961  656.0000
352.9976  653.0000
352.9990  636.0000
353.0005  616.0000
353.0019  608.0000
353.0032  587.0000
353.0047  565.0000
353.0052  554.0000
353.0067  538.0000
353.0081  518.0000
353.0096  510.0000
353.0110  474.0000
353.0125  458.0000
353.0137  435.0000
353.0161  426.0000
353.0175  419.0000
353.0190  421.0000
353.0204  437.0000
353.0219  458.0000
353.0233  469.0000
353.0248  474.0000
353.0270  452.0000
353.0284  442.0000
353.0299  435.0000
353.0313  438.0000
353.0328  436.0000
353.0340  413.0000
353.0355  415.0000
353.0360  396.0000
353.0375  380.0000
353.0389  388.0000
353.0404  349.0000
353.0418  361.0000
353.0433  351.0000
353.0445  355.0000
353.0469  370.0000
353.0483  374.0000
353.0498  406.0000
353.0512  451.0000
353.0527  481.0000
353.0541  502.0000
353.0556  545.0000
353.0560  542.0000
353.0574  575.0000
353.0589  593.0000
353.0603  591.0000
353.0618  635.0000
353.0632  615.0000
353.0647  630.0000
353.0668  642.0000
353.0683  627.0000
353.0697  633.0000
353.0712  622.0000
353.0726  612.0000
353.0739  607.0000
353.0754  597.0000
353.0777  588.0000
353.0792  584.0000
353.0806  590.0000
353.0821  579.0000
353.0835  592.0000
353.0850  591.0000
353.0864  601.0000
353.0868  596.0000
353.0882  581.0000
353.0897  567.0000
353.0911  516.0000
353.0926  511.0000
353.0940  495.0000
353.0955  498.0000
353.0977  537.0000
353.0991  558.0000
353.1006  594.0000
353.1020  608.0000
353.1035  609.0000
353.1047  591.0000
353.1062  583.0000
353.1067  567.0000
353.1082  560.0000
353.1096  557.0000
353.1111  531.0000
353.1125  523.0000
353.1140  509.0000
353.1152  505.0000
353.1176  510.0000
353.1190  512.0000
353.1205  526.0000
353.1219  522.0000
353.1234  499.0000
353.1248  520.0000
353.1263  534.0000
353.1285  541.0000
353.1299  523.0000
353.1314  486.0000
353.1328  453.0000
353.1343  466.0000
353.1355  518.0000
353.1370  653.0000
353.1375  781.0000
353.1390  822.0000
353.1404  792.0000
353.1419  693.0000
353.1433  596.0000
353.1448  503.0000
353.1460  389.0000
353.1484  276.0000
353.1499  184.0000
353.1513  130.0000
353.1528  105.0000
353.1542  107.0000
353.1557  127.0000
353.1571  155.0000
353.1575  197.0000
353.1589  243.0000
353.1604  291.0000
353.1618  340.0000
353.1633  395.0000
353.1647  441.0000
353.1662  469.0000
353.1683  475.0000
353.1698  471.0000
353.1712  448.0000
353.1727  407.0000
353.1741  361.0000
353.1754  302.0000
353.1769  250.0000
353.1792  211.0000
353.1807  201.0000
353.1821  216.0000
353.1836  249.0000
353.1850  293.0000
353.1865  352.0000
353.1879  409.0000
353.1883  453.0000
353.1897  493.0000
353.1912  500.0000
353.1926  504.0000
353.1941  509.0000
353.1955  487.0000
353.1970  458.0000
353.1991  401.0000
353.2006  338.0000
353.2020  311.0000
353.2035  295.0000
353.2049  294.0000
353.2062  283.0000
353.2077  279.0000
353.2082  292.0000
353.2097  310.0000
353.2111  319.0000
353.2126  330.0000
353.2140  335.0000
353.2155  321.0000
353.2167  326.0000
353.2191  321.0000
353.2205  347.0000
353.2220  379.0000
353.2234  395.0000
353.2249  422.0000
353.2263  452.0000
353.2278  498.0000
353.2299  563.0000
353.2314  617.0000
353.2328  679.0000
353.2343  719.0000
353.2357  751.0000
353.2372  776.0000
353.2386  792.0000
353.2390  799.0000
353.2405  810.0000
353.2419  800.0000
353.2434  772.0000
353.2448  764.0000
353.2463  742.0000
353.2475  721.0000
353.2499  686.0000
353.2513  626.0000
353.2528  581.0000
353.2542  512.0000
353.2557  460.0000
353.2571  425.0000
353.2586  387.0000
353.2589  376.0000
353.2604  349.0000
353.2618  321.0000
353.2633  308.0000
353.2647  313.0000
353.2662  338.0000
353.2676  402.0000
353.2698  471.0000
353.2713  540.0000
353.2727  602.0000
353.2742  620.0000
353.2756  652.0000
353.2769  658.0000
353.2783  634.0000
353.2807  612.0000
353.2821  566.0000
353.2836  523.0000
353.2850  481.0000
353.2865  442.0000
353.2879  421.0000
353.2894  403.0000
353.2897  376.0000
353.2912  364.0000
353.2926  361.0000
353.2941  354.0000
353.2955  372.0000
353.2970  378.0000
353.2984  411.0000
353.3006  463.0000
353.3021  477.0000
353.3035  510.0000
353.3050  511.0000
353.3064  528.0000
353.3077  570.0000
353.3091  603.0000
353.3097  625.0000
353.3111  606.0000
353.3126  552.0000
353.3140  490.0000
353.3155  439.0000
353.3169  384.0000
353.3182  339.0000
353.3205  291.0000
353.3220  249.0000
353.3234  242.0000
353.3249  225.0000
353.3263  229.0000
353.3278  236.0000
353.3292  218.0000
353.3314  224.0000
353.3329  222.0000
353.3343  212.0000
353.3358  190.0000
353.3372  160.0000
353.3387  121.0000
353.3401   96.0000
353.3405   95.0000
353.3419  152.0000
353.3434  269.0000
353.3448  392.0000
353.3463  528.0000
353.3477  629.0000
353.3490  681.0000
353.3513  707.0000
353.3528  690.0000
353.3542  678.0000
353.3557  654.0000
353.3571  616.0000
353.3586  591.0000
353.3600  552.0000
353.3604  570.0000
353.3618  542.0000
353.3633  508.0000
353.3647  474.0000
353.3662  452.0000
353.3676  421.0000
353.3691  420.0000
353.3713  425.0000
353.3727  445.0000
353.3742  500.0000
353.3756  557.0000
353.3771  656.0000
353.3783  755.0000
353.3798  833.0000
353.3821  897.0000
353.3836  915.0000
353.3850  902.0000
353.3865  877.0000
353.3879  837.0000
353.3894  782.0000
353.3908  722.0000
353.3912  646.0000
353.3926  563.0000
353.3941  491.0000
353.3955  421.0000
353.3970  381.0000
353.3984  359.0000
353.3999  364.0000
353.4020  391.0000
353.4035  427.0000
353.4049  474.0000
353.4064  514.0000
353.4078  548.0000
353.4091  569.0000
353.4106  576.0000
353.4111  566.0000
353.4126  551.0000
353.4140  529.0000
353.4155  506.0000
353.4169  480.0000
353.4183  456.0000
353.4196  433.0000
353.4220  409.0000
353.4234  372.0000
353.4249  342.0000
353.4263  299.0000
353.4278  277.0000
353.4292  262.0000
353.4307  262.0000
353.4328  286.0000
353.4343  315.0000
353.4357  348.0000
353.4372  386.0000
353.4386  428.0000
353.4401  490.0000
353.4415  563.0000
353.4419  634.0000
353.4433  648.0000
353.4448  625.0000
353.4462  583.0000
353.4477  514.0000
353.4490  473.0000
353.4504  426.0000
353.4528  411.0000
353.4542  418.0000
353.4557  419.0000
353.4571  451.0000
353.4586  464.0000
353.4600  485.0000
353.4614  483.0000
353.4618  461.0000
353.4633  438.0000
353.4647  423.0000
353.4662  423.0000
353.4676  460.0000
353.4691  471.0000
353.4705  477.0000
353.4727  495.0000
353.4741  457.0000
353.4756  465.0000
353.4770  462.0000
353.4785  450.0000
353.4797  470.0000
353.4812  447.0000
353.4835  445.0000
353.4850  436.0000
353.4864  411.0000
353.4879  400.0000
353.4893  383.0000
353.4908  352.0000
353.4922  350.0000
353.4926  344.0000
353.4940  316.0000
353.4955  348.0000
353.4969  333.0000
353.4984  350.0000
353.4998  371.0000
353.5013  347.0000
353.5035  396.0000
353.5049  385.0000
353.5064  393.0000
353.5078  416.0000
353.5093  406.0000
353.5105  433.0000
353.5120  446.0000
353.5125  448.0000
353.5140  462.0000
353.5154  478.0000
353.5169  451.0000
353.5183  470.0000
353.5198  453.0000
353.5210  441.0000
353.5234  479.0000
353.5248  468.0000
353.5263  502.0000
353.5277  516.0000
353.5292  504.0000
353.5306  544.0000
353.5321  539.0000
353.5342  557.0000
353.5357  576.0000
353.5371  558.0000
353.5386  552.0000
353.5400  529.0000
353.5415  511.0000
353.5429  517.0000
353.5433  537.0000
353.5447  545.0000
353.5462  577.0000
353.5476  582.0000
353.5491  588.0000
353.5504  623.0000
353.5518  616.0000
353.5542  612.0000
353.5556  599.0000
353.5571  564.0000
353.5585  570.0000
353.5599  555.0000
353.5614  551.0000
353.5628  565.0000
353.5632  583.0000
353.5647  616.0000
353.5661  636.0000
353.5676  646.0000
353.5690  643.0000
353.5704  613.0000
353.5719  547.0000
353.5741  470.0000
353.5755  376.0000
353.5770  299.0000
353.5784  256.0000
353.5799  222.0000
353.5811  242.0000
353.5826  257.0000
353.5849  291.0000
353.5864  342.0000
353.5878  379.0000
353.5893  431.0000
353.5907  463.0000
353.5922  502.0000
353.5936  539.0000
353.5940  575.0000
353.5954  617.0000
353.5969  666.0000
353.5983  708.0000
353.5998  755.0000
353.6012  807.0000
353.6027  831.0000
353.6048  819.0000
353.6063  787.0000
353.6077  721.0000
353.6092  652.0000
353.6106  584.0000
353.6119  518.0000
353.6134  465.0000
353.6139  415.0000
353.6153  401.0000
353.6168  407.0000
353.6182  428.0000
353.6197  462.0000
353.6211  496.0000
353.6224  531.0000
353.6248  563.0000
353.6262  576.0000
353.6277  563.0000
353.6291  536.0000
353.6306  501.0000
353.6320  468.0000
353.6334  460.0000
353.6356  479.0000
353.6371  517.0000
353.6385  573.0000
353.6400  638.0000
353.6414  729.0000
353.6429  795.0000
353.6443  838.0000
353.6447  866.0000
353.6461  853.0000
353.6476  825.0000
353.6490  780.0000
353.6505  722.0000
353.6517  669.0000
353.6532  621.0000
353.6555  568.0000
353.6570  525.0000
353.6584  492.0000
353.6599  466.0000
353.6613  455.0000
353.6628  454.0000
353.6642  480.0000
353.6646  523.0000
353.6660  577.0000
353.6675  630.0000
353.6689  682.0000
353.6704  746.0000
353.6718  826.0000
353.6733  896.0000
353.6754  945.0000
353.6769  955.0000
353.6783  931.0000
353.6798  873.0000
353.6812  798.0000
353.6825  710.0000
353.6839  629.0000
353.6845  557.0000
353.6859  497.0000
353.6874  454.0000
353.6888  417.0000
353.6903  398.0000
353.6917  390.0000
353.6930  391.0000
353.6953  404.0000
353.6968  416.0000
353.6982  429.0000
353.6997  442.0000
353.7011  458.0000
353.7026  476.0000
353.7040  497.0000
353.7062  511.0000
353.7077  521.0000
353.7091  526.0000
353.7105  513.0000
353.7120  497.0000
353.7133  474.0000
353.7147  449.0000
353.7153  434.0000
353.7167  413.0000
353.7181  401.0000
353.7196  388.0000
353.7210  371.0000
353.7225  362.0000
353.7238  365.0000
353.7261  369.0000
353.7276  374.0000
353.7290  372.0000
353.7305  375.0000
353.7319  389.0000
353.7334  402.0000
353.7348  417.0000
353.7352  427.0000
353.7366  439.0000
353.7381  460.0000
353.7395  401.0000
353.7410  415.0000
353.7424  438.0000
353.7438  471.0000
353.8473  597.0000
353.8488  640.0000
353.8502  674.0000
353.8517  719.0000
353.8531  734.0000
353.8544  755.0000
353.8558  754.0000
353.8582  726.0000
353.8596  704.0000
353.8611  661.0000
353.8625  604.0000
353.8640  543.0000
353.8654  491.0000
353.8669  434.0000
353.8672  409.0000
353.8687  389.0000
353.8701  393.0000
353.8716  397.0000
353.8730  393.0000
353.8745  395.0000
353.8759  386.0000
353.8781  415.0000
353.8795  450.0000
353.8810  514.0000
353.8824  583.0000
353.8839  648.0000
353.8852  701.0000
353.8866  743.0000
353.8889  775.0000
353.8904  801.0000
353.8918  799.0000
353.8933  821.0000
353.8947  783.0000
353.8962  746.0000
353.8976  715.0000
353.8980  656.0000
353.8994  624.0000
353.9009  595.0000
353.9023  552.0000
353.9038  519.0000
353.9052  475.0000
353.9067  433.0000
353.9088  398.0000
353.9103  363.0000
353.9117  323.0000
353.9132  306.0000
353.9146  279.0000
353.9161  268.0000
353.9175  288.0000
353.9179  295.0000
353.9193  378.0000
353.9208  421.0000
353.9222  469.0000
353.9237  515.0000
353.9251  499.0000
353.9264  520.0000
353.9287  507.0000
353.9302  492.0000
353.9316  496.0000
353.9331  492.0000
353.9345  490.0000
353.9360  514.0000
353.9374  527.0000
353.9378  538.0000
353.9392  592.0000
353.9407  586.0000
353.9421  595.0000
353.9436  608.0000
353.9450  570.0000
353.9465  598.0000
353.9486  562.0000
353.9501  558.0000
353.9515  552.0000
353.9530  522.0000
353.9544  526.0000
353.9557  514.0000
353.9571  506.0000
353.9595  505.0000
353.9609  522.0000
353.9624  550.0000
353.9638  600.0000
353.9653  626.0000
353.9667  638.0000
353.9682  646.0000
353.9685  651.0000
353.9700  646.0000
353.9714  661.0000
353.9729  685.0000
353.9743  699.0000
353.9758  698.0000
353.9772  733.0000
353.9794  730.0000
353.9808  722.0000
353.9823  695.0000
353.9837  619.0000
353.9852  524.0000
353.9864  442.0000
353.9879  363.0000
353.9884  303.0000
353.9899  282.0000
353.9913  245.0000
353.9928  235.0000
353.9942  248.0000
353.9957  262.0000
353.9969  325.0000
353.9993  364.0000
354.0007  394.0000
354.0022  417.0000
354.0036  402.0000
354.0051  406.0000
354.0065  399.0000
354.0080  383.0000
354.0101  370.0000
354.0116  336.0000
354.0130  320.0000
354.0145  333.0000
354.0159  342.0000
354.0174  340.0000
354.0188  340.0000
354.0192  364.0000
354.0206  404.0000
354.0221  459.0000
354.0235  510.0000
354.0250  549.0000
354.0264  581.0000
354.0277  615.0000
354.0300  623.0000
354.0315  629.0000
354.0329  637.0000
354.0344  635.0000
354.0358  625.0000
354.0373  608.0000
354.0387  577.0000
354.0391  527.0000
354.0405  443.0000
354.0420  328.0000
354.0434  225.0000
354.0448  144.0000
354.0463  103.0000
354.0477   82.0000
354.0499   89.0000
354.0514   78.0000
354.0528   53.0000
354.0543   37.0000
354.0557   16.0000
354.0570   22.0000
354.0584   52.0000
354.0608   60.0000
354.0622  152.0000
354.0637  271.0000
354.0651  393.0000
354.0665  502.0000
354.0680  598.0000
354.0694  638.0000
354.0698  642.0000
354.0712  636.0000
354.0727  628.0000
354.0741  654.0000
354.0756  670.0000
354.0770  682.0000
354.0785  700.0000
354.0806  691.0000
354.0821  703.0000
354.0835  700.0000
354.0850  692.0000
354.0864  688.0000
354.0877  677.0000
354.0891  672.0000
354.0897  675.0000
354.0911  665.0000
354.0926  637.0000
354.0940  587.0000
354.0955  508.0000
354.0969  436.0000
354.0982  348.0000
354.1005  257.0000
354.1020  182.0000
354.1034  111.0000
354.1049   93.0000
354.1063   99.0000
354.1078  120.0000
354.1092  192.0000
354.1114  268.0000
354.1128  359.0000
354.1143  447.0000
354.1157  515.0000
354.1172  571.0000
354.1186  610.0000
354.1201  641.0000
354.1204  670.0000
354.1219  705.0000
354.1233  727.0000
354.1248  763.0000
354.1262  791.0000
354.1275  796.0000
354.1289  799.0000
354.1313  763.0000
354.1327  723.0000
354.1342  682.0000
354.1356  630.0000
354.1371  610.0000
354.1385  564.0000
354.1399  524.0000
354.1421  495.0000
354.1436  459.0000
354.1450  419.0000
354.1465  373.0000
354.1479  335.0000
354.1493  320.0000
354.1508  306.0000
354.1512  249.0000
354.1526  196.0000
354.1540  137.0000
354.1555   90.0000
354.1569   82.0000
354.1582  114.0000
354.1597  234.0000
354.1620  345.0000
354.1634  431.0000
354.1649  514.0000
354.1663  565.0000
354.1678  608.0000
354.1692  631.0000
354.1707  643.0000
354.1710  656.0000
354.1725  660.0000
354.1739  646.0000
354.1754  639.0000
354.1768  618.0000
354.1783  579.0000
354.1797  562.0000
354.1819  540.0000
354.1833  541.0000
354.1848  558.0000
354.1862  566.0000
354.1877  601.0000
354.1889  622.0000
354.1904  635.0000
354.1909  661.0000
354.1924  650.0000
354.1938  632.0000
354.1953  598.0000
354.1967  554.0000
354.1982  514.0000
354.1994  488.0000
354.2018  454.0000
354.2032  449.0000
354.2047  433.0000
354.2061  420.0000
354.2076  438.0000
354.2090  450.0000
354.2104  493.0000
354.2126  516.0000
354.2141  471.0000
354.2155  405.0000
354.2170  317.0000
354.2184  249.0000
354.2198  194.0000
354.2213  155.0000
354.2217  140.0000
354.2231  163.0000
354.2245  202.0000
354.2260  250.0000
354.2274  313.0000
354.2287  356.0000
354.2301  428.0000
354.2325  479.0000
354.2339  514.0000
354.2354  538.0000
354.2368  525.0000
354.2383  513.0000
354.2397  448.0000
354.2412  367.0000
354.2415  295.0000
354.2430  220.0000
354.2444  177.0000
354.2459  176.0000
354.2473  184.0000
354.2488  221.0000
354.2502  280.0000
354.2524  336.0000
354.2538  404.0000
354.2553  456.0000
354.2567  496.0000
354.2582  535.0000
354.2594  550.0000
354.2609  566.0000
354.2632  568.0000
354.2647  559.0000
354.2661  574.0000
354.2676  577.0000
354.2690  590.0000
354.2704  614.0000
354.2719  627.0000
354.2723  630.0000
354.2737  637.0000
354.2751  624.0000
354.2766  624.0000
354.2780  625.0000
354.2795  614.0000
354.2809  604.0000
354.2831  589.0000
354.2845  569.0000
354.2860  539.0000
354.2874  511.0000
354.2889  486.0000
354.2901  469.0000
354.2916  446.0000
354.2921  423.0000
354.2936  394.0000
354.2950  355.0000
354.2965  314.0000
354.2979  280.0000
354.2994  290.0000
354.3006  360.0000
354.3030  453.0000
354.3044  590.0000
354.3059  762.0000
354.3073  898.0000
354.3088  959.0000
354.3102  880.0000
354.3116  744.0000
354.3138  610.0000
354.3153  490.0000
354.3167  409.0000
354.3182  364.0000
354.3196  337.0000
354.3210  324.0000
354.3225  311.0000
354.3229  285.0000
354.3243  292.0000
354.3257  294.0000
354.3272  321.0000
354.3286  347.0000
354.3299  365.0000
354.3313  387.0000
354.3337  419.0000
354.3351  423.0000
354.3366  431.0000
354.3380  425.0000
354.3395  412.0000
354.3409  415.0000
354.3424  419.0000
354.3427  428.0000
354.3442  430.0000
354.3456  428.0000
354.3471  427.0000
354.3485  443.0000
354.3500  432.0000
354.3514  431.0000
354.3536  405.0000
354.3550  377.0000
354.3565  379.0000
354.3579  357.0000
354.3594  396.0000
354.3606  397.0000
354.3621  400.0000
354.3644  434.0000
354.3659  438.0000
354.3673  476.0000
354.3687  502.0000
354.3702  520.0000
354.3716  553.0000
354.3731  582.0000
354.3734  572.0000
354.3749  600.0000
354.3763  588.0000
354.3778  561.0000
354.3792  591.0000
354.3807  564.0000
354.3821  582.0000
354.3843  587.0000
354.3857  557.0000
354.3872  591.0000
354.3886  572.0000
354.3901  585.0000
354.3913  579.0000
354.3928  579.0000
354.3933  556.0000
354.3948  542.0000
354.3962  518.0000
354.3977  507.0000
354.3991  507.0000
354.4005  489.0000
354.4018  523.0000
354.4042  507.0000
354.4056  489.0000
354.4070  503.0000
354.4085  462.0000
354.4099  476.0000
354.4114  457.0000
354.4128  408.0000
354.4150  408.0000
354.4164  372.0000
354.4179  374.0000
354.4193  372.0000
354.4208  350.0000
354.4222  330.0000
354.4237  284.0000
354.4240  227.0000
354.4255  216.0000
354.4269  223.0000
354.4284  247.0000
354.4298  312.0000
354.4311  365.0000
354.4325  449.0000
354.4349  557.0000
354.4363  627.0000
354.4378  708.0000
354.4392  739.0000
354.4406  726.0000
354.4421  713.0000
354.4435  664.0000
354.4439  639.0000
354.4453  619.0000
354.4468  597.0000
354.4482  588.0000
354.4497  580.0000
354.4511  585.0000
354.4526  599.0000
354.4547  606.0000
354.4562  596.0000
354.4576  596.0000
354.4591  576.0000
354.4605  562.0000
354.4618  554.0000
354.4632  541.0000
354.4656  555.0000
354.4670  572.0000
354.4685  586.0000
354.4699  604.0000
354.4714  592.0000
354.4728  564.0000
354.4742  497.0000
354.4746  394.0000
354.4760  273.0000
354.4775  158.0000
354.4789   71.0000
354.4804   18.0000
354.4818    7.0000
354.4833   39.0000
354.4854  140.0000
354.4869  272.0000
354.4883  429.0000
354.4898  588.0000
354.4912  727.0000
354.4925  858.0000
354.4939  940.0000
354.4945  964.0000
354.4959  938.0000
354.4974  869.0000