357.5427  418.0000
357.5443  406.0000
357.5459  411.0000
357.5455  395.0000
357.5472  387.0000
357.5486  402.0000
357.5502  378.0000
357.5516  403.0000
357.5533  381.0000
357.5549  376.0000
357.5563  387.0000
357.5579  362.0000
357.5593  377.0000
357.5610  357.0000
357.5624  356.0000
357.5640  357.0000
357.5654  346.0000
357.5671  352.0000
357.5685  359.0000
357.5701  353.0000
357.5717  358.0000
357.5731  360.0000
357.5748  352.0000
357.5762  377.0000
357.5760  352.0000
357.5776  361.0000
357.5791  369.0000
357.5807  353.0000
357.5821  381.0000
357.5837  352.0000
357.5852  366.0000
357.5868  356.0000
357.5882  344.0000
357.5898  361.0000
357.5912  351.0000
357.5929  358.0000
357.5945  368.0000
357.5959  365.0000
357.5957  368.0000
357.5972  385.0000
357.5988  373.0000
357.6002  396.0000
357.6018  391.0000
357.6034  390.0000
357.6049  409.0000
357.6065  392.0000
357.6079  411.0000
357.6095  402.0000
357.6110  402.0000
357.6126  424.0000
357.6140  403.0000
357.6156  418.0000
357.6174  417.0000
357.6188  420.0000
357.6205  433.0000
357.6219  438.0000
357.6235  441.0000
357.6249  466.0000
357.6265  454.0000
357.6264  468.0000
357.6278  483.0000
357.6294  472.0000
357.6308  502.0000
357.6325  484.0000
357.6339  495.0000
357.6355  511.0000
357.6371  495.0000
357.6385  518.0000
357.6402  500.0000
357.6416  511.0000
357.6432  512.0000
357.6446  495.0000
357.6462  508.0000
357.6461  515.0000
357.6475  511.0000
357.6491  525.0000
357.6505  522.0000
357.6522  514.0000
357.6536  539.0000
357.6552  528.0000
357.6566  541.0000
357.6583  548.0000
357.6599  538.0000
357.6613  562.0000
357.6629  538.0000
357.6643  553.0000
357.6660  551.0000
357.6674  542.0000
357.6690  560.0000
357.6704  547.0000
357.6720  555.0000
357.6735  556.0000
357.6751  553.0000
357.6767  558.0000
357.6763  559.0000
357.6780  553.0000
357.6794  569.0000
357.6810  563.0000
357.6824  560.0000
357.6840  575.0000
357.6857  563.0000
357.6871  573.0000
357.6887  564.0000
357.6901  561.0000
357.6918  574.0000
357.6932  562.0000
357.6948  580.0000
357.6962  572.0000
357.6961  569.0000
357.6977  579.0000
357.6991  570.0000
357.7007  578.0000
357.7021  579.0000
357.7038  577.0000
357.7052  578.0000
357.7068  577.0000
357.7084  572.0000
357.7098  583.0000
357.7115  577.0000
357.7129  578.0000
357.7145  582.0000
357.7159  573.0000
357.7175  583.0000
357.7190  573.0000
357.7206  573.0000
357.7220  577.0000
357.7236  568.0000
357.7251  576.0000
357.7267  565.0000
357.7265  567.0000
357.7279  567.0000
357.7295  560.0000
357.7310  560.0000
357.7326  558.0000
357.7342  553.0000
357.7356  557.0000
357.7372  549.0000
357.7387  545.0000
357.7403  547.0000
357.7417  542.0000
357.7433  548.0000
357.7448  551.0000
357.7464  548.0000
357.7462  560.0000
357.7476  559.0000
357.7493  571.0000
357.7507  578.0000
357.7523  580.0000
357.7537  590.0000
357.7553  591.0000
357.7571  597.0000
357.7586  573.0000
357.7602  585.0000
357.7616  592.0000
357.7632  600.0000
357.7647  608.0000
357.7663  619.0000
357.7679  630.0000
357.7693  638.0000
357.7709  652.0000
357.7724  649.0000
357.7740  663.0000
357.7754  664.0000
357.7770  672.0000
357.7768  683.0000
357.7783  680.0000
357.7799  693.0000
357.7813  694.0000
357.7829  700.0000
357.7844  705.0000
357.7860  700.0000
357.7874  707.0000
357.7890  709.0000
357.7904  709.0000
357.7921  710.0000
357.7937  710.0000
357.7951  706.0000
357.7967  710.0000
357.7964  699.0000
357.7980  697.0000
357.7996  690.0000
357.8010  680.0000
357.8026  683.0000
357.8041  662.0000
357.8057  657.0000
357.8071  644.0000
357.8087  621.0000
357.8101  621.0000
357.8118  600.0000
357.8132  590.0000
357.8148  577.0000
357.8164  554.0000
357.8178  536.0000
357.8195  514.0000
357.8209  490.0000
357.8225  481.0000
357.8239  457.0000
357.8255  439.0000
357.8270  430.0000
357.8268  404.0000
357.8284  402.0000
357.8298  378.0000
357.8315  366.0000
357.8329  358.0000
357.8345  340.0000
357.8359  330.0000
357.8375  318.0000
357.8390  312.0000
357.8406  309.0000
357.8422  302.0000
357.8436  302.0000
357.8452  303.0000
357.8467  305.0000
357.8465  312.0000
357.8481  312.0000
357.8495  322.0000
357.8511  320.0000
357.8526  326.0000
357.8542  338.0000
357.8556  340.0000
357.8572  355.0000
357.8587  342.0000
357.8603  355.0000
357.8617  351.0000
357.8633  350.0000
357.8649  358.0000
357.8664  357.0000
357.8680  357.0000
357.8694  371.0000
357.8710  363.0000
357.8725  374.0000
357.8741  385.0000
357.8755  368.0000
357.8771  385.0000
357.8769  366.0000
357.8784  373.0000
357.8800  377.0000
357.8814  351.0000
357.8830  377.0000
357.8845  358.0000
357.8861  370.0000
357.8879  365.0000
357.8893  359.0000
357.8909  368.0000
357.8923  373.0000
357.8939  369.0000
357.8954  386.0000
357.8970  387.0000
357.8968  385.0000
357.8982  396.0000
357.8999  374.0000
357.9013  395.0000
357.9029  391.0000
357.9043  389.0000
357.9059  408.0000
357.9075  393.0000
357.9090  411.0000
357.9106  402.0000
357.9120  407.0000
357.9136  415.0000
357.9151  419.0000
357.9167  418.0000
357.9181  431.0000
357.9197  426.0000
357.9212  435.0000
357.9228  444.0000
357.9244  436.0000
357.9258  459.0000
357.9274  448.0000
357.9271  460.0000
357.9287  471.0000
357.9303  465.0000
357.9317  489.0000
357.9333  483.0000
357.9348  502.0000
357.9364  511.0000
357.9378  515.0000
357.9394  526.0000
357.9408  538.0000
357.9425  541.0000
357.9439  560.0000
357.9455  561.0000
357.9471  569.0000
357.9468  588.0000
357.9484  571.0000
357.9498  600.0000
357.9514  598.0000
357.9528  605.0000
357.9545  623.0000
357.9561  610.0000
357.9575  637.0000
357.9591  634.0000
357.9605  635.0000
357.9622  642.0000
357.9636  641.0000
357.9652  638.0000
357.9666  651.0000
357.9682  635.0000
357.9697  647.0000
357.9713  644.0000
357.9729  631.0000
357.9743  651.0000
357.9759  629.0000
357.9774  647.0000
357.9772  645.0000
357.9788  632.0000
357.9802  652.0000
357.9818  640.0000
357.9833  649.0000
357.9849  658.0000
357.9863  658.0000
357.9879  654.0000
357.9894  658.0000
357.9910  643.0000
357.9924  659.0000
357.9940  652.0000
357.9956  653.0000
357.9971  661.0000
357.9969  638.0000
357.9983  661.0000
357.9999  643.0000
358.0014  649.0000
358.0030  667.0000
358.0046  648.0000
358.0060  658.0000
358.0076  651.0000
358.0090  648.0000
358.0107  650.0000
358.0121  643.0000
358.0137  630.0000
358.0151  640.0000
358.0167  614.0000
358.0185  623.0000
358.0200  615.0000
358.0216  601.0000
358.0230  618.0000
358.0246  589.0000
358.0261  607.0000
358.0277  602.0000
358.0275  589.0000
358.0289  605.0000
358.0305  587.0000
358.0320  595.0000
358.0336  595.0000
358.0350  580.0000
358.0366  577.0000
358.0382  577.0000
358.0397  555.0000
358.0413  573.0000
358.0427  554.0000
358.0443  558.0000
358.0457  561.0000
358.0473  530.0000
358.0472  552.0000
358.0486  538.0000
358.0502  537.0000
358.0516  549.0000
358.0533  527.0000
358.0547  547.0000
358.0563  538.0000
358.0577  537.0000
358.0593  538.0000
358.0608  527.0000
358.0624  520.0000
358.0640  523.0000
358.0654  502.0000
358.0670  514.0000
358.0685  512.0000
358.0701  493.0000
358.0715  509.0000
358.0731  487.0000
358.0746  499.0000
358.0762  499.0000
358.0776  483.0000
358.0774  503.0000
358.0790  487.0000
358.0805  495.0000
358.0821  496.0000
358.0835  489.0000
358.0851  495.0000
358.0867  498.0000
358.0882  483.0000
358.0898  488.0000
358.0912  477.0000
358.0928  477.0000
358.0942  491.0000
358.0958  475.0000
358.0973  504.0000
358.0971  500.0000
358.0987  511.0000
358.1001  539.0000
358.1018  513.0000
358.1032  521.0000
358.1048  500.0000
358.1062  502.0000
358.1078  505.0000
358.1093  490.0000
358.1109  482.0000
358.1125  475.0000
358.1139  461.0000
358.1155  468.0000
358.1170  462.0000
358.1186  461.0000
358.1200  474.0000
358.1216  461.0000
358.1230  474.0000
358.1247  474.0000
358.1261  464.0000
358.1277  481.0000
358.1275  467.0000
358.1290  479.0000
358.1306  479.0000
358.1320  472.0000
358.1336  487.0000
358.1352  473.0000
358.1366  476.0000
358.1383  480.0000
358.1397  468.0000
358.1413  470.0000
358.1427  470.0000
358.1443  463.0000
358.1458  466.0000
358.1474  464.0000
358.1472  455.0000
358.1486  459.0000
358.1502  438.0000
358.1517  444.0000
358.1533  433.0000
358.1547  422.0000
358.1563  425.0000
358.1581  401.0000
358.1595  405.0000
358.1612  387.0000
358.1626  369.0000
358.1642  375.0000
358.1656  359.0000
358.1672  357.0000
358.1671  347.0000
358.1685  334.0000
358.1701  327.0000
358.1715  320.0000
358.1731  296.0000
358.1746  295.0000
358.1762  285.0000
358.1778  275.0000
358.1792  277.0000
358.1808  252.0000
358.1823  260.0000
358.1839  242.0000
358.1853  243.0000
358.1869  249.0000
358.1884  230.0000
358.1900  238.0000
358.1914  229.0000
358.1930  232.0000
358.1946  245.0000
358.1960  236.0000
358.1977  249.0000
358.1973  254.0000
358.1989  253.0000
358.2005  265.0000
358.2019  270.0000
358.2036  267.0000
358.2050  291.0000
358.2066  293.0000
358.2080  304.0000
358.2096  322.0000
358.2111  318.0000
358.2127  346.0000
358.2141  338.0000
358.2157  359.0000
358.2173  375.0000
358.2188  375.0000
358.2204  404.0000
358.2218  401.0000
358.2234  423.0000
358.2248  443.0000
358.2265  452.0000
358.2279  468.0000
358.2277  484.0000
358.2293  491.0000
358.2308  516.0000
358.2324  520.0000
358.2338  530.0000
358.2354  538.0000
358.2368  526.0000
358.2384  552.0000
358.2399  550.0000
358.2415  553.0000
358.2431  566.0000
358.2445  549.0000
358.2461  572.0000
358.2476  568.0000
358.2474  572.0000
358.2490  588.0000
358.2504  584.0000
358.2520  596.0000
358.2535  605.0000
358.2551  599.0000
358.2565  622.0000
358.2581  635.0000
358.2595  640.0000
358.2612  664.0000
358.2626  660.0000
358.2642  686.0000
358.2658  700.0000
358.2672  693.0000
358.2689  717.0000
358.2703  718.0000
358.2719  737.0000
358.2733  752.0000
358.2749  754.0000
358.2764  776.0000
358.2780  770.0000
358.2778  784.0000
358.2792  782.0000
358.2808  778.0000
358.2823  776.0000
358.2839  776.0000
358.2853  769.0000
358.2869  761.0000
358.2887  756.0000
358.2901  743.0000
358.2917  727.0000
358.2932  710.0000
358.2948  698.0000
358.2962  686.0000
358.2978  678.0000
358.2976  660.0000
358.2991  645.0000
358.3007  641.0000
358.3021  633.0000
358.3037  623.0000
358.3052  610.0000
358.3068  606.0000
358.3084  587.0000
358.3098  576.0000
358.3114  571.0000
358.3128  569.0000
358.3145  552.0000
358.3159  558.0000
358.3175  545.0000
358.3189  534.0000
358.3205  537.0000
358.3220  515.0000
358.3236  517.0000
358.3252  502.0000
358.3266  492.0000
358.3282  495.0000
358.3279  486.0000
358.3295  487.0000
358.3311  480.0000
358.3325  474.0000
358.3341  478.0000
358.3356  469.0000
358.3372  464.0000
358.3386  463.0000
358.3402  457.0000
358.3416  470.0000
358.3433  477.0000
358.3447  485.0000
358.3463  476.0000
358.3479  462.0000
358.3475  488.0000
358.3492  507.0000
358.3506  504.0000
358.3522  526.0000
358.3536  520.0000
358.3552  527.0000
358.3568  524.0000
358.3583  526.0000
358.3599  524.0000
358.3613  525.0000
358.3629  529.0000
358.3644  527.0000
358.3660  520.0000
358.3674  536.0000
358.3690  528.0000
358.3704  511.0000
358.3720  521.0000
358.3737  515.0000
358.3751  515.0000
358.3767  525.0000
358.3781  514.0000
358.3779  527.0000
358.3796  514.0000
358.3810  505.0000
358.3826  504.0000
358.3840  492.0000
358.3856  476.0000
358.3871  483.0000
358.3887  474.0000
358.3901  470.0000
358.3917  462.0000
358.3931  455.0000
358.3948  465.0000
358.3962  439.0000
358.3978  444.0000
358.3976  436.0000
358.3990  422.0000
358.4007  437.0000
358.4021  409.0000
358.4037  417.0000
358.4053  410.0000
358.4067  392.0000
358.4083  405.0000
358.4098  398.0000
358.4114  394.0000
358.4128  395.0000
358.4144  386.0000
358.4159  375.0000
358.4175  390.0000
358.4173  371.0000
358.4187  389.0000
358.4203  380.0000
358.4218  375.0000
358.4234  384.0000
358.4248  360.0000
358.4264  380.0000
358.4282  362.0000
358.4296  357.0000
358.4312  364.0000
358.4327  345.0000
358.4343  347.0000
358.4357  344.0000
358.4373  339.0000
358.4389  346.0000
358.4403  347.0000
358.4420  340.0000
358.4434  361.0000
358.4450  342.0000
358.4464  358.0000
358.4480  362.0000
358.4479  345.0000
358.4493  369.0000
358.4509  342.0000
358.4523  343.0000
358.4539  345.0000
358.4554  333.0000
358.4570  353.0000
358.4584  333.0000
358.4600  337.0000
358.4614  346.0000
358.4631  341.0000
358.4647  344.0000
358.4661  354.0000
358.4677  350.0000
358.4691  364.0000
358.4707  360.0000
358.4722  362.0000
358.4738  391.0000
358.4752  376.0000
358.4768  403.0000
358.4782  402.0000
358.4781  404.0000
358.4797  438.0000
358.4811  416.0000
358.4827  444.0000
358.4841  429.0000
358.4858  435.0000
358.4874  452.0000
358.4888  440.0000
358.4904  455.0000
358.4918  472.0000
358.4934  468.0000
358.4949  481.0000
358.4965  489.0000
358.4979  485.0000
358.4977  503.0000
358.4993  489.0000
358.5008  494.0000
358.5024  508.0000
358.5038  492.0000
358.5054  530.0000
358.5068  511.0000
358.5085  517.0000
358.5099  540.0000
358.5115  515.0000
358.5131  531.0000
358.5145  520.0000
358.5161  521.0000
358.5176  531.0000
358.5192  520.0000
358.5206  525.0000
358.5222  536.0000
358.5237  528.0000
358.5253  542.0000
358.5267  547.0000
358.5283  535.0000
358.5281  563.0000
358.5295  543.0000
358.5312  554.0000
358.5326  557.0000
358.5342  545.0000
358.5358  568.0000
358.5372  549.0000
358.5388  562.0000
358.5403  560.0000
358.5419  551.0000
358.5433  565.0000
358.5449  558.0000
358.5464  561.0000
358.5480  564.0000
358.5478  561.0000
358.5492  561.0000
358.5508  571.0000
358.5523  557.0000
358.5539  572.0000
358.5553  562.0000
358.5569  556.0000
358.5587  570.0000
358.5601  554.0000
358.5617  568.0000
358.5632  567.0000
358.5648  563.0000
358.5662  579.0000
358.5678  566.0000
358.5694  573.0000
358.5708  566.0000
358.5724  566.0000
358.5739  573.0000
358.5755  572.0000
358.5769  573.0000
358.5785  580.0000
358.5783  550.0000
358.5798  574.0000
358.5814  577.0000
358.5828  568.0000
358.5844  579.0000
358.5858  569.0000
358.5875  570.0000
358.5889  574.0000
358.5905  562.0000
358.5919  575.0000
358.5935  559.0000
358.5951  559.0000
358.5966  564.0000
358.5982  556.0000
358.5978  560.0000
358.5994  553.0000
358.6010  553.0000
358.6025  549.0000
358.6041  552.0000
358.6055  550.0000
358.6071  548.0000
358.6085  542.0000
358.6102  543.0000
358.6116  545.0000
358.6132  544.0000
358.6146  554.0000
358.6162  546.0000
358.6178  547.0000
358.6193  553.0000
358.6209  556.0000
358.6223  562.0000
358.6239  561.0000
358.6253  568.0000
358.6270  576.0000
358.6284  581.0000
358.6282  595.0000
358.6298  600.0000
358.6312  611.0000
358.6329  623.0000
358.6343  629.0000
358.6359  641.0000
358.6373  645.0000
358.6389  647.0000
358.6404  667.0000
358.6420  666.0000
358.6436  675.0000
358.6450  687.0000
358.6466  681.0000
358.6480  694.0000
358.6479  698.0000
358.6495  698.0000
358.6509  711.0000
358.6525  707.0000
358.6539  713.0000
358.6555  717.0000
358.6570  717.0000
358.6586  724.0000
358.6600  724.0000
358.6616  721.0000
358.6630  724.0000
358.6647  716.0000
358.6663  715.0000
358.6677  712.0000
358.6675  698.0000
358.6689  702.0000
358.6706  683.0000
358.6720  681.0000
358.6736  673.0000
358.6752  655.0000
358.6766  651.0000
358.6782  630.0000
358.6797  620.0000
358.6813  608.0000
358.6827  588.0000
358.6843  575.0000
358.6857  558.0000
358.6873  537.0000
358.6891  522.0000
358.6906  502.0000
358.6922  480.0000
358.6936  474.0000
358.6952  443.0000
358.6966  435.0000
358.6982  413.0000
358.6981  400.0000
358.6995  395.0000
358.7011  376.0000
358.7025  370.0000
358.7041  354.0000
358.7056  344.0000
358.7072  338.0000
358.7088  334.0000
358.7102  334.0000
358.7118  330.0000
358.7133  332.0000
358.7149  331.0000
358.7163  333.0000
358.7179  336.0000
358.7193  334.0000
358.7209  340.0000
358.7224  346.0000
358.7240  339.0000
358.7256  352.0000
358.7270  338.0000
358.7286  347.0000
358.7283  342.0000
358.7299  336.0000
358.7313  346.0000
358.7329  336.0000
358.7345  337.0000
358.7359  339.0000
358.7376  332.0000
358.7390  333.0000
358.7406  333.0000
358.7420  317.0000
358.7436  333.0000
358.7451  322.0000
358.7467  312.0000
358.7481  326.0000
358.7479  300.0000
358.7495  326.0000
358.7510  298.0000
358.7526  310.0000
358.7540  314.0000
358.7556  291.0000
358.7572  301.0000
358.7586  296.0000
358.7602  294.0000
358.7617  297.0000
358.7633  294.0000
358.7647  296.0000
358.7663  310.0000
358.7677  298.0000
358.7694  316.0000
358.7708  323.0000
358.7724  316.0000
358.7740  338.0000
358.7754  316.0000
358.7770  343.0000
358.7785  341.0000
358.7783  343.0000
358.7797  357.0000
358.7813  356.0000
358.7829  370.0000
358.7844  376.0000
358.7860  375.0000
358.7874  391.0000
358.7890  408.0000
358.7904  415.0000
358.7920  443.0000
358.7935  451.0000
358.7951  477.0000
358.7965  505.0000
358.7981  510.0000
358.7979  557.0000
358.7994  565.0000
358.8010  600.0000
358.8024  625.0000
358.8040  638.0000
358.8056  667.0000
358.8070  672.0000
358.8086  672.0000
358.8101  681.0000
358.8117  674.0000
358.8131  679.0000
358.8147  602.0000
358.8161  592.0000
358.8178  615.0000
358.8195  614.0000
358.8210  611.0000
358.8226  635.0000
358.8240  613.0000
358.8256  639.0000
358.8270  627.0000
358.8287  628.0000
358.8285  639.0000
358.8299  632.0000
358.8315  635.0000
358.8329  640.0000
358.8345  634.0000
358.8360  636.0000
358.8376  634.0000
358.8392  621.0000
358.8406  642.0000
358.8422  618.0000
358.8437  628.0000
358.8453  634.0000
358.8467  618.0000
358.8483  647.0000
358.8481  625.0000
358.8495  642.0000
358.8512  647.0000
358.8526  644.0000
358.8542  656.0000
358.8556  658.0000
358.8572  652.0000
358.8587  665.0000
358.8603  653.0000
358.8617  654.0000
358.8633  668.0000
358.8649  636.0000
358.8663  659.0000
358.8679  648.0000
358.8694  641.0000
358.8710  656.0000
358.8724  626.0000
358.8740  653.0000
358.8754  638.0000
358.8771  645.0000
358.8785  650.0000
358.8783  643.0000
358.8799  641.0000
358.8813  645.0000
358.8829  619.0000
358.8844  634.0000
358.8860  632.0000
358.8876  605.0000
358.8890  624.0000
358.8906  594.0000
358.8921  609.0000
358.8937  604.0000
358.8951  582.0000
358.8967  609.0000
358.8981  576.0000
358.8979  595.0000
358.8996  590.0000
358.9010  583.0000
358.9026  587.0000
358.9040  586.0000
358.9056  567.0000
358.9071  577.0000
358.9087  563.0000
358.9101  555.0000
358.9117  558.0000
358.9133  524.0000
358.9147  546.0000
358.9163  528.0000
358.9178  520.0000
358.9176  532.0000
358.9192  502.0000
358.9206  523.0000
358.9222  510.0000
358.9237  509.0000
358.9253  519.0000
358.9267  503.0000
358.9283  505.0000
358.9297  505.0000
358.9313  489.0000
358.9328  498.0000
358.9344  493.0000
358.9360  481.0000
358.9374  494.0000
358.9390  476.0000
358.9404  485.0000
358.9421  485.0000
358.9435  465.0000
358.9451  490.0000
358.9465  463.0000
358.9481  479.0000
358.9479  481.0000
358.9494  467.0000
358.9510  484.0000
358.9524  480.0000
358.9540  479.0000
358.9554  475.0000
358.9570  470.0000
358.9588  474.0000
358.9603  484.0000
358.9619  467.0000
358.9633  486.0000
358.9649  481.0000
358.9663  478.0000
358.9679  490.0000
358.9695  464.0000
358.9710  492.0000
358.9726  484.0000
358.9740  489.0000
358.9756  499.0000
358.9770  485.0000
358.9787  499.0000
358.9785  495.0000
358.9799  498.0000
358.9815  507.0000
358.9829  503.0000
358.9845  502.0000
358.9860  508.0000
358.9876  499.0000
358.9890  508.0000
358.9906  513.0000
358.9920  494.0000
358.9937  517.0000
358.9953  500.0000
358.9967  507.0000
358.9983  507.0000
358.9979  493.0000
358.9995  514.0000
359.0011  498.0000
359.0026  507.0000
359.0042  505.0000
359.0056  491.0000
359.0072  499.0000
