352.5786  449.0000
352.5800  439.0000
352.5817  424.0000
352.5831  411.0000
352.5847  404.0000
352.5864  384.0000
352.5878  379.0000
352.5895  370.0000
352.5909  357.0000
352.5925  360.0000
352.5940  342.0000
352.5956  344.0000
352.5971  338.0000
352.5969  337.0000
352.5985  347.0000
352.6000  346.0000
352.6016  350.0000
352.6031  347.0000
352.6047  349.0000
352.6062  354.0000
352.6078  358.0000
352.6092  359.0000
352.6109  361.0000
352.6125  361.0000
352.6140  365.0000
352.6156  361.0000
352.6170  367.0000
352.6187  372.0000
352.6201  365.0000
352.6218  373.0000
352.6232  365.0000
352.6248  374.0000
352.6263  372.0000
352.6279  367.0000
352.6278  373.0000
352.6292  359.0000
352.6308  367.0000
352.6323  352.0000
352.6339  347.0000
352.6356  344.0000
352.6370  339.0000
352.6386  329.0000
352.6401  343.0000
352.6417  330.0000
352.6432  337.0000
352.6448  339.0000
352.6463  331.0000
352.6479  356.0000
352.6477  345.0000
352.6492  354.0000
352.6508  359.0000
352.6522  352.0000
352.6539  373.0000
352.6553  365.0000
352.6570  382.0000
352.6588  389.0000
352.6602  391.0000
352.6619  403.0000
352.6633  422.0000
352.6650  423.0000
352.6664  444.0000
352.6680  448.0000
352.6697  459.0000
352.6711  480.0000
352.6728  467.0000
352.6742  497.0000
352.6758  496.0000
352.6773  512.0000
352.6789  518.0000
352.6787  437.0000
352.6802  452.0000
352.6818  449.0000
352.6833  457.0000
352.6849  464.0000
352.6864  474.0000
352.6880  474.0000
352.6894  487.0000
352.6911  477.0000
352.6925  495.0000
352.6942  500.0000
352.6958  503.0000
352.6972  526.0000
352.6989  514.0000
352.6985  538.0000
352.7002  544.0000
352.7018  540.0000
352.7032  565.0000
352.7049  570.0000
352.7063  582.0000
352.7080  588.0000
352.7094  597.0000
352.7110  609.0000
352.7125  616.0000
352.7141  606.0000
352.7156  631.0000
352.7172  621.0000
352.7188  631.0000
352.7203  640.0000
352.7219  626.0000
352.7234  656.0000
352.7250  644.0000
352.7265  660.0000
352.7281  670.0000
352.7295  660.0000
352.7294  676.0000
352.7310  676.0000
352.7324  677.0000
352.7341  688.0000
352.7355  690.0000
352.7372  687.0000
352.7386  695.0000
352.7402  673.0000
352.7417  687.0000
352.7433  682.0000
352.7450  678.0000
352.7464  695.0000
352.7480  671.0000
352.7495  694.0000
352.7493  686.0000
352.7510  682.0000
352.7524  697.0000
352.7540  690.0000
352.7555  696.0000
352.7571  690.0000
352.7586  673.0000
352.7602  680.0000
352.7617  677.0000
352.7633  664.0000
352.7647  679.0000
352.7664  656.0000
352.7678  666.0000
352.7695  660.0000
352.7711  637.0000
352.7725  661.0000
352.7742  641.0000
352.7756  655.0000
352.7773  650.0000
352.7787  632.0000
352.7803  634.0000
352.7802  633.0000
352.7816  634.0000
352.7832  634.0000
352.7847  612.0000
352.7863  603.0000
352.7878  606.0000
352.7894  578.0000
352.7912  591.0000
352.7927  573.0000
352.7943  554.0000
352.7958  565.0000
352.7974  531.0000
352.7988  564.0000
352.8005  548.0000
352.8003  546.0000
352.8017  554.0000
352.8034  541.0000
352.8048  550.0000
352.8065  535.0000
352.8079  524.0000
352.8095  527.0000
352.8112  522.0000
352.8126  501.0000
352.8143  516.0000
352.8157  496.0000
352.8173  496.0000
352.8188  489.0000
352.8204  471.0000
352.8219  485.0000
352.8235  472.0000
352.8250  474.0000
352.8266  475.0000
352.8282  461.0000
352.8297  474.0000
352.8313  469.0000
352.8309  469.0000
352.8326  471.0000
352.8340  462.0000
352.8357  460.0000
352.8373  463.0000
352.8387  453.0000
352.8404  457.0000
352.8418  449.0000
352.8435  451.0000
352.8449  465.0000
352.8465  437.0000
352.8480  448.0000
352.8496  444.0000
352.8511  444.0000
352.8509  462.0000
352.8525  444.0000
352.8540  456.0000
352.8556  452.0000
352.8571  457.0000
352.8587  459.0000
352.8603  462.0000
352.8618  461.0000
352.8634  467.0000
352.8649  458.0000
352.8665  463.0000
352.8679  464.0000
352.8696  452.0000
352.8710  463.0000
352.8727  453.0000
352.8741  459.0000
352.8757  467.0000
352.8774  450.0000
352.8788  470.0000
352.8805  461.0000
352.8819  474.0000
352.8817  473.0000
352.8832  468.0000
352.8848  471.0000
352.8864  462.0000
352.8879  456.0000
352.8895  470.0000
352.8910  470.0000
352.8926  465.0000
352.8941  468.0000
352.8957  461.0000
352.8971  482.0000
352.8988  475.0000
352.9002  462.0000
352.9019  479.0000
352.9017  460.0000
352.9031  478.0000
352.9048  464.0000
352.9062  463.0000
352.9078  480.0000
352.9095  461.0000
352.9109  467.0000
352.9126  456.0000
352.9140  453.0000
352.9156  455.0000
352.9171  444.0000
352.9187  439.0000
352.9202  439.0000
352.9218  428.0000
352.9236  427.0000
352.9251  425.0000
352.9267  415.0000
352.9282  421.0000
352.9298  404.0000
352.9312  399.0000
352.9329  397.0000
352.9327  371.0000
352.9341  381.0000
352.9358  356.0000
352.9372  350.0000
352.9389  347.0000
352.9403  333.0000
352.9419  328.0000
352.9436  317.0000
352.9450  307.0000
352.9467  306.0000
352.9481  294.0000
352.9497  286.0000
352.9512  283.0000
352.9528  270.0000
352.9526  271.0000
352.9541  266.0000
352.9557  259.0000
352.9572  267.0000
352.9588  253.0000
352.9602  259.0000
352.9619  261.0000
352.9633  253.0000
352.9650  283.0000
352.9664  271.0000
352.9680  280.0000
352.9697  288.0000
352.9711  286.0000
352.9728  305.0000
352.9742  309.0000
352.9758  322.0000
352.9773  332.0000
352.9789  342.0000
352.9804  356.0000
352.9820  375.0000
352.9835  377.0000
352.9833  401.0000
352.9849  412.0000
352.9864  427.0000
352.9880  454.0000
352.9894  454.0000
352.9911  482.0000
352.9927  486.0000
352.9942  497.0000
352.9958  522.0000
352.9972  510.0000
352.9989  535.0000
353.0003  536.0000
353.0020  543.0000
353.0034  553.0000
353.0032  561.0000
353.0049  567.0000
353.0063  577.0000
353.0079  570.0000
353.0094  586.0000
353.0110  593.0000
353.0125  584.0000
353.0141  602.0000
353.0155  599.0000
353.0172  616.0000
353.0188  620.0000
353.0203  614.0000
353.0219  632.0000
353.0233  624.0000
353.0250  632.0000
353.0264  638.0000
353.0281  644.0000
353.0295  659.0000
353.0311  656.0000
353.0326  652.0000
353.0342  664.0000
353.0340  655.0000
353.0355  667.0000
353.0371  677.0000
353.0386  661.0000
353.0402  676.0000
353.0418  672.0000
353.0433  670.0000
353.0449  680.0000
353.0464  667.0000
353.0480  688.0000
353.0494  680.0000
353.0511  678.0000
353.0525  675.0000
353.0542  669.0000
353.0540  671.0000
353.0554  660.0000
353.0571  663.0000
353.0585  654.0000
353.0601  652.0000
353.0616  648.0000
353.0632  634.0000
353.0650  624.0000
353.0665  624.0000
353.0681  607.0000
353.0696  599.0000
353.0712  597.0000
353.0727  580.0000
353.0743  588.0000
353.0757  572.0000
353.0774  577.0000
353.0790  558.0000
353.0804  555.0000
353.0821  561.0000
353.0835  548.0000
353.0852  544.0000
353.0850  538.0000
353.0864  531.0000
353.0881  528.0000
353.0895  522.0000
353.0911  511.0000
353.0926  508.0000
353.0942  492.0000
353.0957  499.0000
353.0973  492.0000
353.0988  475.0000
353.1004  494.0000
353.1020  483.0000
353.1035  496.0000
353.1051  476.0000
353.1047  485.0000
353.1064  489.0000
353.1078  483.0000
353.1094  487.0000
353.1111  487.0000
353.1125  485.0000
353.1142  505.0000
353.1156  486.0000
353.1172  516.0000
353.1187  506.0000
353.1203  521.0000
353.1218  523.0000
353.1234  535.0000
353.1249  530.0000
353.1265  539.0000
353.1281  528.0000
353.1296  531.0000
353.1312  533.0000
353.1326  518.0000
353.1343  521.0000
353.1357  518.0000
353.1355  514.0000
353.1372  515.0000
353.1386  503.0000
353.1403  509.0000
353.1417  509.0000
353.1433  510.0000
353.1448  517.0000
353.1464  513.0000
353.1479  498.0000
353.1495  508.0000
353.1511  496.0000
353.1526  490.0000
353.1542  474.0000
353.1557  438.0000
353.1555  442.0000
353.1569  406.0000
353.1586  410.0000
353.1602  418.0000
353.1616  418.0000
353.1633  421.0000
353.1647  407.0000
353.1664  402.0000
353.1678  409.0000
353.1694  390.0000
353.1709  390.0000
353.1725  393.0000
353.1740  366.0000
353.1756  383.0000
353.1772  372.0000
353.1787  359.0000
353.1803  361.0000
353.1818  333.0000
353.1834  351.0000
353.1848  345.0000
353.1865  344.0000
353.1863  357.0000
353.1877  344.0000
353.1894  349.0000
353.1908  339.0000
353.1925  330.0000
353.1939  338.0000
353.1955  341.0000
353.1973  337.0000
353.1988  348.0000
353.2004  330.0000
353.2019  341.0000
353.2035  341.0000
353.2050  340.0000
353.2066  367.0000
353.2064  339.0000
353.2079  346.0000
353.2095  345.0000
353.2109  341.0000
353.2126  358.0000
353.2140  338.0000
353.2156  340.0000
353.2173  341.0000
353.2187  331.0000
353.2204  335.0000
353.2218  338.0000
353.2234  335.0000
353.2249  358.0000
353.2265  344.0000
353.2280  354.0000
353.2296  373.0000
353.2310  361.0000
353.2327  379.0000
353.2343  377.0000
353.2358  386.0000
353.2374  402.0000
353.2370  376.0000
353.2387  393.0000
353.2401  383.0000
353.2417  385.0000
353.2434  375.0000
353.2448  361.0000
353.2464  363.0000
353.2479  382.0000
353.2495  387.0000
353.2510  422.0000
353.2526  441.0000
353.2541  454.0000
353.2557  478.0000
353.2571  463.0000
353.2570  484.0000
353.2586  490.0000
353.2600  492.0000
353.2617  525.0000
353.2631  502.0000
353.2647  511.0000
353.2664  513.0000
353.2678  507.0000
353.2695  515.0000
353.2709  523.0000
353.2725  534.0000
353.2740  547.0000
353.2756  552.0000
353.2771  561.0000
353.2787  571.0000
353.2801  568.0000
353.2818  587.0000
353.2834  598.0000
353.2849  586.0000
353.2865  610.0000
353.2879  608.0000
353.2878  629.0000
353.2892  625.0000
353.2908  622.0000
353.2925  634.0000
353.2939  610.0000
353.2955  612.0000
353.2970  596.0000
353.2986  593.0000
353.3001  600.0000
353.3017  582.0000
353.3032  577.0000
353.3048  577.0000
353.3062  571.0000
353.3079  566.0000
353.3077  575.0000
353.3091  568.0000
353.3108  587.0000
353.3122  576.0000
353.3138  570.0000
353.3155  583.0000
353.3169  573.0000
353.3186  583.0000
353.3200  568.0000
353.3216  574.0000
353.3231  586.0000
353.3247  572.0000
353.3262  569.0000
353.3278  568.0000
353.3296  570.0000
353.3311  573.0000
353.3327  572.0000
353.3341  566.0000
353.3358  574.0000
353.3372  574.0000
353.3388  582.0000
353.3387  582.0000
353.3401  577.0000
353.3417  586.0000
353.3432  575.0000
353.3448  581.0000
353.3463  582.0000
353.3479  573.0000
353.3495  581.0000
353.3510  565.0000
353.3526  567.0000
353.3541  555.0000
353.3557  541.0000
353.3571  532.0000
353.3588  519.0000
353.3586  517.0000
353.3600  520.0000
353.3617  521.0000
353.3631  521.0000
353.3647  528.0000
353.3662  526.0000
353.3678  526.0000
353.3693  522.0000
353.3709  523.0000
353.3724  534.0000
353.3740  523.0000
353.3756  524.0000
353.3771  529.0000
353.3787  534.0000
353.3801  554.0000
353.3818  546.0000
353.3832  554.0000
353.3849  563.0000
353.3863  560.0000
353.3879  569.0000
353.3894  569.0000
353.3892  576.0000
353.3908  589.0000
353.3923  591.0000
353.3939  603.0000
353.3954  614.0000
353.3970  613.0000
353.3986  626.0000
353.4001  628.0000
353.4017  636.0000
353.4031  640.0000
353.4048  647.0000
353.4062  658.0000
353.4079  661.0000
353.4093  674.0000
353.4091  672.0000
353.4108  668.0000
353.4122  681.0000
353.4138  687.0000
353.4153  696.0000
353.4169  707.0000
353.4184  705.0000
353.4200  707.0000
353.4214  712.0000
353.4231  715.0000
353.4247  722.0000
353.4261  721.0000
353.4278  721.0000
353.4292  727.0000
353.4309  713.0000
353.4323  709.0000
353.4339  700.0000
353.4354  695.0000
353.4370  700.0000
353.4385  683.0000
353.4401  676.0000
353.4399  664.0000
353.4414  651.0000
353.4430  647.0000
353.4444  629.0000
353.4461  615.0000
353.4475  600.0000
353.4491  577.0000
353.4508  561.0000
353.4522  543.0000
353.4539  523.0000
353.4553  514.0000
353.4569  483.0000
353.4584  472.0000
353.4600  457.0000
353.4598  440.0000
353.4613  439.0000
353.4629  426.0000
353.4644  411.0000
353.4660  406.0000
353.4674  391.0000
353.4691  386.0000
353.4709  375.0000
353.4723  366.0000
353.4740  361.0000
353.4754  350.0000
353.4770  352.0000
353.4785  355.0000
353.4801  348.0000
353.4816  359.0000
353.4832  353.0000
353.4848  364.0000
353.4863  365.0000
353.4879  369.0000
353.4893  379.0000
353.4910  379.0000
353.4908  385.0000
353.4922  382.0000
353.4939  390.0000
353.4953  391.0000
353.4970  390.0000
353.4984  391.0000
353.5000  393.0000
353.5015  383.0000
353.5031  394.0000
353.5046  379.0000
353.5062  378.0000
353.5078  381.0000
353.5093  365.0000
353.5109  381.0000
353.5105  368.0000
353.5122  376.0000
353.5136  362.0000
353.5152  351.0000
353.5169  350.0000
353.5183  334.0000
353.5199  327.0000
353.5214  326.0000
353.5230  318.0000
353.5245  316.0000
353.5261  318.0000
353.5276  319.0000
353.5292  339.0000
353.5306  337.0000
353.5323  327.0000
353.5339  342.0000
353.5353  322.0000
353.5370  344.0000
353.5384  333.0000
353.5400  339.0000
353.5415  345.0000
353.5413  330.0000
353.5429  344.0000
353.5444  346.0000
353.5460  352.0000
353.5475  352.0000
353.5491  349.0000
353.5505  353.0000
353.5522  377.0000
353.5536  379.0000
353.5553  407.0000
353.5569  415.0000
353.5583  412.0000
353.5600  438.0000
353.5614  418.0000
353.5612  439.0000
353.5627  445.0000
353.5643  440.0000
353.5659  460.0000
353.5674  455.0000
353.5690  473.0000
353.5705  486.0000
353.5721  490.0000
353.5735  505.0000
353.5752  527.0000
353.5766  531.0000
353.5782  554.0000
353.5797  561.0000
353.5813  575.0000
353.5831  598.0000
353.5846  593.0000
353.5862  630.0000
353.5877  628.0000
353.5893  642.0000
353.5909  651.0000
353.5924  640.0000
353.5920  659.0000
353.5935  661.0000
353.5951  670.0000
353.5965  689.0000
353.5982  696.0000
353.5996  700.0000
353.6012  705.0000
353.6030  694.0000
353.6045  712.0000
353.6061  710.0000
353.6076  701.0000
353.6092  713.0000
353.6107  680.0000
353.6123  710.0000
353.6121  697.0000
353.6135  697.0000
353.6152  713.0000
353.6166  703.0000
353.6183  708.0000
353.6197  712.0000
353.6213  709.0000
353.6230  700.0000
353.6244  694.0000
353.6260  675.0000
353.6275  688.0000
353.6291  650.0000
353.6306  647.0000
353.6322  648.0000
353.6336  627.0000
353.6353  651.0000
353.6367  616.0000
353.6383  635.0000
353.6400  630.0000
353.6414  622.0000
353.6431  638.0000
353.6427  634.0000
353.6443  629.0000
353.6458  635.0000
353.6474  632.0000
353.6490  638.0000
353.6505  651.0000
353.6521  627.0000
353.6535  648.0000
353.6552  642.0000
353.6566  640.0000
353.6583  656.0000
353.6597  619.0000
353.6613  646.0000
353.6628  633.0000
353.6626  631.0000
353.6642  637.0000
353.6657  621.0000
353.6673  623.0000
353.6688  615.0000
353.6704  590.0000
353.6720  598.0000
353.6735  590.0000
353.6751  569.0000
353.6765  579.0000
353.6782  549.0000
353.6796  565.0000
353.6812  557.0000
353.6827  535.0000
353.6843  563.0000
353.6858  531.0000
353.6874  547.0000
353.6890  546.0000
353.6905  530.0000
353.6921  546.0000
353.6935  536.0000
353.6934  527.0000
353.6948  527.0000
353.6964  506.0000
353.6981  495.0000
353.6995  494.0000
353.7011  466.0000
353.7026  487.0000
353.7042  470.0000
353.7057  463.0000
353.7073  473.0000
353.7088  441.0000
353.7104  468.0000
353.7118  460.0000
353.7135  468.0000
353.7133  477.0000
353.7147  459.0000
353.7164  461.0000
353.7178  460.0000
353.7194  463.0000
353.7211  458.0000
353.7225  456.0000
353.7241  445.0000
353.7256  451.0000
353.7272  433.0000
353.7287  442.0000
353.7303  445.0000
353.7317  427.0000
353.7334  447.0000
353.7352  423.0000
353.7366  440.0000
353.7382  444.0000
353.7397  430.0000
353.7413  458.0000
353.7428  447.0000
353.7444  458.0000
353.7442  459.0000
353.7457  452.0000
353.7473  464.0000
353.7487  468.0000
353.7504  467.0000
353.7518  482.0000
353.7534  488.0000
353.7549  479.0000
353.7565  493.0000
353.7582  474.0000
353.7596  489.0000
353.7612  479.0000
353.7627  475.0000
353.7643  486.0000
353.7641  470.0000
353.7656  491.0000
353.7672  488.0000
353.7686  481.0000
353.7703  489.0000
353.7717  480.0000
353.7734  485.0000
353.7748  487.0000
353.7764  479.0000
353.7779  483.0000
353.7795  480.0000
353.7811  473.0000
353.7826  482.0000
353.7842  474.0000
353.7857  467.0000
353.7873  462.0000
353.7887  439.0000
353.7904  460.0000
353.7918  446.0000
353.7934  442.0000
353.7949  444.0000
353.7947  424.0000
353.7963  438.0000
353.7978  416.0000
353.7994  415.0000
353.8009  412.0000
353.8025  398.0000
353.8039  395.0000
353.8056  390.0000
353.8072  377.0000
353.8086  379.0000
353.8103  369.0000
353.8117  357.0000
353.8133  353.0000
353.8148  334.0000
353.8146  343.0000
353.8162  334.0000
353.8177  317.0000
353.8193  316.0000
353.8208  293.0000
353.8224  296.0000
353.8238  286.0000
353.8255  274.0000
353.8269  285.0000
353.8285  267.0000
353.8302  266.0000
353.8316  265.0000
353.8332  255.0000
353.8347  259.0000
353.8363  255.0000
353.8378  253.0000
353.8394  267.0000
353.8408  261.0000
353.8425  265.0000
353.8439  273.0000
353.8455  267.0000
353.8454  297.0000
353.8468  295.0000
353.8484  300.0000
353.8499  316.0000
353.8515  309.0000
353.8530  336.0000
353.8546  339.0000
353.8562  345.0000
353.8577  366.0000
353.8593  371.0000
353.8607  394.0000
353.8624  409.0000
353.8638  419.0000
353.8654  445.0000
353.8653  450.0000
353.8667  461.0000
353.8683  490.0000
353.8698  494.0000
353.8714  515.0000
353.8729  519.0000
353.8745  525.0000
353.8763  552.0000
353.8777  545.0000
353.8794  556.0000
353.8808  562.0000
353.8824  551.0000
353.8839  574.0000
353.8855  568.0000
353.8870  581.0000
353.8886  585.0000
353.8902  577.0000
353.8917  591.0000
353.8933  593.0000
353.8947  591.0000
353.8964  617.0000
353.8962  617.0000
353.8976  622.0000
353.8993  634.0000
353.9007  616.0000
353.9023  647.0000
353.9038  643.0000
353.9054  649.0000
353.9069  670.0000
353.9085  654.0000
353.9099  679.0000
353.9116  675.0000
353.9132  683.0000
353.9146  697.0000
353.9163  703.0000
353.9159  710.0000
353.9175  712.0000
353.9190  710.0000
353.9206  714.0000
353.9222  714.0000
353.9237  710.0000
353.9253  712.0000
353.9268  696.0000
353.9284  704.0000
353.9298  689.0000
353.9315  681.0000
353.9329  686.0000
353.9345  668.0000
353.9360  674.0000
353.9376  671.0000
353.9392  658.0000
353.9407  652.0000
353.9423  632.0000
353.9438  638.0000
353.9454  624.0000
353.9468  619.0000
353.9467  605.0000
353.9483  603.0000
353.9497  600.0000
353.9514  600.0000
353.9528  582.0000
353.9544  579.0000
353.9559  571.0000
353.9575  558.0000
353.9590  553.0000
353.9606  536.0000
353.9622  542.0000
353.9637  529.0000
353.9653  534.0000
353.9667  526.0000
353.9666  519.0000
353.9680  513.0000
353.9696  508.0000
353.9713  498.0000
353.9727  490.0000
353.9743  480.0000
353.9758  472.0000
353.9774  462.0000
353.9789  459.0000
353.9805  460.0000
353.9819  453.0000
353.9836  450.0000
353.9850  477.0000
353.9866  452.0000
353.9884  471.0000
353.9899  460.0000
353.9915  475.0000
353.9930  474.0000
353.9946  468.0000
353.9962  491.0000
353.9977  481.0000
353.9973  500.0000
353.9987  496.0000
354.0004  498.0000
354.0018  492.0000
354.0034  499.0000
354.0049  490.0000
354.0065  503.0000
354.0083  506.0000
354.0098  490.0000
354.0114  500.0000
354.0129  496.0000
354.0145  503.0000
354.0159  499.0000
354.0176  492.0000
354.0174  509.0000
354.0188  489.0000
354.0204  490.0000
354.0219  493.0000
354.0235  471.0000
354.0250  477.0000
354.0266  463.0000
354.0282  458.0000
354.0297  474.0000
354.0313  468.0000
354.0327  463.0000
354.0344  481.0000
354.0358  457.0000
354.0374  465.0000
354.0389  448.0000
354.0405  446.0000
354.0420  449.0000
354.0436  433.0000
354.0452  453.0000
354.0467  438.0000
354.0483  430.0000
354.0479  420.0000
354.0496  401.0000
354.0510  396.0000
354.0526  393.0000
354.0543  382.0000
354.0557  387.0000
354.0573  381.0000
354.0588  372.0000
354.0604  390.0000
354.0619  363.0000
354.0635  359.0000